30715
93519
19158
47949
84460
11041
44062
82817
6662
3699
58919
51286
78981
90318
79390
46326
2579
17526
73041
6705
87457
87555
34981
87003
58242
26292
84598
44596
40811
78669
47542
32446
55753
30359
3672
72309
76541
83902
81352
28917
51020
89631
78007
70892
36865
76145
1412
41996
26799
29358
89556
82173
80512
90215
47554
43161
58537
32155
89707
58168
26444
99467
42005
27993
56158
26473
95534
48622
86646
7080
69785
18678
36174
44124
55685
97827
9548
64090
50138
82097
24879
42601
17796
11453
89114
65369
51934
65538
82805
60512
13772
44386
94195
23184
2473
51554
47625
50013
14734
10391
80612
52791
55351
19719
59574
70877
45999
36388
34529
49728
33612
94448
82018
7609
33288
83843
81670
30552
38879
90790
74539
29995
65817
26134
93309
25399
24483
12990
41650
4131
50201
59535
49356
39746
1485
72089
87251
98078
51879
18237
19369
15545
31008
33077
26899
19324
62368
86586
89896
18631
69884
17073
11133
23944
35853
50616
86974
29216
26410
34174
46393
33009
94738
30398
99527
74078
45092
42271
6124
61200
96593
83593
78673
20642
71420
58993
98987
32739
99236
73984
63031
37898
23094
23019
34247
33128
48402
25411
3893
50869
85116
58034
71667
17705
71844
86361
20808
610
33551
52822
74233
20096
80462
28696
22038
86292
38400
90491
52525
76860
51630
54234
29981
52426
71144
8494
9914
71719
96152
66399
25676
19681
38378
55255
76085
38558
11925
60968
48798
85059
38185
98377
99189
46413
99752
42934
57437
94399
980
47955
94728
57911
72886
27034
99240
30881
28052
19241
46561
63349
76446
49089
4458
67153
27146
54552
81719
25206
52612
83480
74367
77433
41693
67466
38674
53253
55046
83568
52675
28209
51058
15516
70738
48196
71671
67765
46795
11344
56016
45203
10506
92685
14406
85449
8613
89097
93919
32035
19267
45200
61216
32230
41787
17501
73589
17295
16218
5419
88360
45987
75836
44484
66566
18352
12290
60930
78352
56263
95483
59381
7756
70374
69190
7408
72974
81683
63026
56244
58853
49578
59334
23010
64300
7475
66993
18828
73729
53237
74608
54375
51547
41375
22984
10029
69367
66022
26118
96054
73158
47684
10744
37656
36553
59887
37443
90843
63040
34378
44527
91907
54269
59975
46567
38782
86653
52826
80184
59090
51360
93463
87201
25115
81655
41107
7833
66381
47389
59161
38042
6951
55564
66973
83086
11168
38833
21678
86457
4413
70032
76150
55788
39351
8709
82702
106
91573
94808
84202
23377
16541
85838
67029
44694
79696
60484
85629
56001
95447
52054
71062
43453
3879
96337
37575
36342
87297
76889
35398
99949
64974
66369
75771
89058
75211
37674
47849
16405
98954
41000
16261
71573
63187
35783
21500
21113
88536
22278
3389
50685
53204
65678
91011
52360
98970
32696
51909
43014
71134
46359
12809
14683
59409
84254
58404
50173
10067
77971
69483
42021
12634
69224
57047
54446
35792
99490
80267
68096
74837
16462
47807
65018
73499
84714
46745
99296
75359
23411
90088
42514
85766
4834
45272
52594
28191
1577
12163
78934
77380
71327
11046
10565
52795
61369
38051
83981
8630
36564
16567
99481
52430
83813
68178
54672
98553
47791
41184
74696
37508
59108
74815
86656
87883
26969
56256
7799
23951
4452
26255
34215
87326
1332
90716
3509
5415
37242
12222
12130
46662
62764
90666
38795
6844
90608
90084
1952
36657
90600
54042
80400
60393
37468
41425
18272
96513
24390
22683
25826
5112
30251
60029
4177
10308
82352
12155
51098
93097
64669
49257
61311
35569
29053
28033
74745
68442
36019
79812
97276
36886
54304
71143
33352
50411
45856
73822
49857
59907
72444
6996
81025
14558
86397
7018
16411
2734
86488
28486
24492
78452
38986
8855
71988
41343
92732
44831
31339
9434
66681
49830
60493
44579
25408
88941
50809
59109
26677
53767
64452
8529
62298
91191
20653
57672
68232
46752
49172
22035
11622
72011
81955
7533
55319
18823
97901
45448
99155
92010
57679
1025
42483
40423
93227
22613
46503
36446
89151
97457
56210
57302
76057
32720
64034
15962
16153
47795
88203
14315
73111
45980
95659
9304
97812
94670
67876
52960
89260
6584
91041
5360
59955
34668
96089
63427
66047
21875
97965
98040
11169
31785
57601
51716
65826
54321
95954
49234
43499
39356
2670
50105
57246
84839
18898
11699
5367
33179
42611
98557
54738
93543
47187
82567
6416
50849
97347
41389
36632
607
49916
94278
49830
90163
3146
41326
88380
43943
43478
43491
98717
18641
9461
49903
3913
40935
48114
75117
15769
84390
58060
32868
79264
99409
43301
17627
84599
75034
45299
14976
56974
54565
12602
42891
89441
8392
275
67084
81692
77573
23320
61424
89701
99120
99841
36097
84081
97285
78653
65482
2735
22230
25619
52243
42547
17048
15013
50422
46862
85520
56727
13345
98644
28501
86518
44151
6038
66570
60462
95522
40659
81031
93425
38197
61069
96636
43167
80145
99568
7203
33546
87315
96382
79818
12241
34743
28945
60359
344
72392
93379
49854
20222
96173
20845
9974
62781
61199
12602
55689
30058
17511
36822
83132
24822
21704
28806
87423
91174
45912
73881
34869
50855
39658
51974
69413
16964
18825
16259
51774
15206
45680
66226
88070
2143
90806
60809
97252
17351
51094
33854
81968
67542
43878
77145
16034
50492
13249
54996
90538
5937
41523
69186
54432
98512
58509
99000
80564
44199
51433
93011
43956
44939
60829
40483
84379
51285
48752
80989
34016
60896
31554
70071
40079
12057
91913
67328
6976
62513
35939
18920
3714
63830
25722
45836
73683
76494
11793
89559
43634
91807
80245
53053
65919
58084
89899
37029
6713
3395
92767
64749
1740
32261
20979
29642
74383
71453
29106
42375
6598
91182
92023
18051
8259
32512
89297
80127
19217
14992
66800
7884
39492
59193
37354
42210
80651
78502
4151
81996
22159
54884
60615
3581
69747
71190
17180
71453
42850
96081
71454
2230
47388
69419
82961
52452
99784
62194
44793
33407
68788
9772
17811
91721
36595
84882
25257
42548
94907
78770
48991
95881
67301
47111
20215
51714
30567
88442
48304
37070
15332
17843
37276
23136
43538
64570
60497
70073
76233
84902
42426
18456
33709
70745
13208
12386
37072
68894
66986
84866
45933
74633
76546
64081
47089
75573
34930
277
49203
31246
21885
11342
13890
7723
18075
50944
72497
94676
48183
72026
24384
55185
66315
10005
36343
30535
62172
96557
33902
7828
14642
61674
21455
63439
91137
40699
41297
73195
76047
67966
29640
60220
20869
44987
63017
31083
4566
25986
52669
62264
39890
42397
20710
94961
60481
90749
8317
66541
27738
16554
13401
38373
66375
41374
16604
60212
89887
50452
16586
77376
9646
99302
18628
80217
42386
64165
34315
21328
46988
5259
25968
36185
43888
71639
67939
72245
40963
26495
2957
388
32382
74757
45456
59493
54564
91267
93845
79496
28382
2804
41197
54115
9399
75293
52617
40588
23769
40494
52575
96317
56433
86989
19552
22478
90586
77216
94486
94737
73436
44359
19249
63392
47494
16197
44994
34890
53845
59136
25653
51119
70320
54820
92946
44184
64063
71854
26786
68595
19021
27350
48476
469
73920
6641
43955
45393
55204
22978
68907
77349
96782
99109
6059
84024
83556
77806
6620
93203
30299
17727
86744
64634
14840
1455
25996
1613
94044
75369
58416
18732
50430
25891
75716
46086
95884
18780
89472
40853
72243
99601
79687
30867
90229
48304
54338
71212
48760
8922
60628
86258
65234
33583
38295
1293
40607
83843
85629
72464
80645
42341
51350
79835
64563
50175
26918
70890
23392
59973
88140
64776
88335
65768
20959
30699
38040
55876
74405
66536
47118
54784
52854
85121
14740
72159
53499
16846
87596
74422
5479
12041
33151
17007
60208
29901
48250
99853
66305
40054
21386
83448
47820
88787
20783
95853
97924
99467
12624
7596
63254
84731
9437
19092
25346
25861
89488
66230
65094
92404
96677
10072
83294
48971
54494
76098
31624
71327
5559
91059
82449
38188
89571
34350
45150
63670
6964
64067
64338
18888
74236
54033
4222
80000
11168
20748
2604
14059
91661
34347
40413
82021
34758
73901
43378
11313
153
98850
34293
44685
64229
26596
93907
21565
25147
25065
95160
75087
73942
61676
18896
25420
1892
46206
18168
42643
5849
3294
37803
33745
73494
17564
79666
71212
50645
428
3429
15670
90973
33836
63517
8115
29774
19652
54660
47639
60126
82658
54852
86103
25589
27517
40117
29985
15451
14993
80129
88553
55732
734
5464
96860
61046
548
71191
46664
46930
22695
70920
24719
21636
79490
84115
40105
98160
10781
95647
82240
91546
70529
82518
23192
48442
51701
8156
45977
77447
49681
55761
35652
20300
14877
59938
90238
28372
66658
47069
29226
48462
7995
709
37430
11737
30133
64466
46099
43403
12
31826
4670
19346
97889
97007
85203
18216
82272
48417
9345
92392
25213
69217
97250
66935
35268
4419
6759
19551
93877
11733
31502
63712
66421
33778
83551
69820
45087
11455
18309
87235
62057
2574
77435
17855
51091
16305
22411
17870
74735
72022
46100
18240
37723
36834
23248
38778
3460
70496
76469
25714
57707
26547
49526
88279
324
40958
52926
64111
13456
15383
73130
70817
30108
22111
30335
22639
91783
79395
15843
18962
82008
88889
44817
21855
65633
13261
25988
29586
10529
44772
66360
74591
34986
92595
29527
35509
53048
89156
17530
10132
63380
58301
4414
59352
98892
75284
88132
15611
6499
608
46996
24065
54652
57506
43706
68819
81731
27671
22646
87063
14969
23339
53581
68684
49023
98539
35830
37513
92585
94826
69592
2626
61864
5711
55583
23707
84475
85465
22963
90350
25129
10376
23087
9921
97777
42294
19939
77481
48889
60709
53778
25377
66510
30468
95163
40040
4719
35730
10328
353
39453
50619
23027
11673
31017
44370
62202
48941
1922
19998
84344
96266
4708
32296
61933
4592
252
43660
70908
6729
78600
58350
88624
31876
41048
44215
36116
31395
10548
15543
18988
48745
75137
22609
50896
74511
87350
11414
78904
53407
80092
70998
75558
28891
76365
57512
20668
34214
68536
90570
39788
61060
64823
3599
21754
81104
61995
91152
70625
86803
8253
30807
38392
86380
1010
35599
21129
82099
81400
87422
17243
88838
64757
17501
26637
7601
82792
59733
55511
83536
23546
1902
62860
19978
75755
57928
83922
71538
854
69793
12516
96199
40789
92101
45153
49285
32606
89178
27880
40766
36383
38570
52814
81114
73327
50950
96303
47321
76962
14153
98312
2261
35640
87090
63257
6351
67947
18413
10624
43082
51677
49591
81244
11607
74905
21045
48048
72656
72348
77353
74996
93615
31853
14745
47152
84976
49088
81746
46652
24805
61626
36600
94576
86702
71481
10255
60558
53700
28843
38802
81338
14192
78554
84799
89089
86792
57326
41207
6208
52282
2901
23647
74974
99610
39157
4697
70409
20895
39937
78281
57263
86202
71762
85820
81457
15076
55015
94542
40126
64650
60487
94349
43812
33546
96015
60804
15060
47054
25656
60360
27649
7881
75538
94370
21903
37979
61627
94967
47545
66784
39846
39663
13762
50563
81539
95137
42431
92734
3341
74013
31777
62785
1080
41558
91796
8553
79835
41427
3595
78354
89637
23354
95239
79577
50632
49382
10663
77392
63917
43478
53449
60049
46997
73343
24804
20823
80587
93250
52007
877
18372
22326
43713
51644
28583
64865
6801
33979
2574
13349
58144
20199
91372
69191
77147
16492
44424
34185
99931
32157
84473
65040
28817
59864
20563
71728
15787
27737
16754
70972
27966
86585
89421
2717
59981
67310
79642
43594
50993
85767
42580
76685
74817
50567
85334
33250
68678
77807
96197
8311
76400
46401
93319
19850
16404
53333
93510
83849
31081
56856
49077
79064
17224
31603
85384
71559
30779
88654
9209
9836
36850
829
83192
14164
89577
7788
90223
78251
74531
87314
3050
37981
31541
8442
94573
81565
93267
69571
86313
6648
73801
95793
12513
94138
36689
63517
59461
43213
65183
13774
2470
80024
68597
86360
71462
75570
63210
79155
30273
8616
63111
15259
9318
43768
53805
11096
47522
8781
37031
3818
78293
61209
2341
2561
36035
41057
88317
89054
77475
26060
48328
47010
13067
60756
84843
23027
69385
45181
36981
19002
18355
14111
39297
77696
43538
58542
86475
68745
40333
25593
15994
50679
6182
61365
35481
41262
77682
66035
50324
30404
87253
74156
1679
4213
60289
16100
2192
48562
58926
30777
41711
2340
71800
18028
85464
64182
21911
24645
59024
77494
54583
19571
48721
51882
10065
97649
40827
51702
25274
43581
45346
3349
94857
6577
31750
44199
12431
35084
17407
27437
56349
37912
9819
9555
83882
13654
78879
88154
75901
71300
19350
53037
7011
72831
75822
67681
25435
49798
94149
62640
75274
50490
23288
15344
85432
38362
7484
65223
86279
41264
51750
86828
7238
31587
21144
16670
9752
39165
68000
96412
18769
52674
75802
53975
24230
92309
96339
22026
30756
64069
18764
62633
40936
54767
52164
5859
14624
94475
24123
45520
6170
13656
1874
34636
19549
32523
45798
75424
51686
59151
57929
86270
81799
97738
43871
22599
74689
69313
91115
93123
42023
85458
34467
22210
22500
89117
45891
52471
79424
15285
2045
15277
15041
22479
90242
5112
50799
41165
34425
91708
46511
20914
70341
71605
6139
32495
80835
43199
10896
29564
31171
45312
3360
31001
3497
20712
79190
79665
12136
30433
86632
93328
96001
36400
57105
42652
71228
59319
7496
38758
71800
33524
34887
99407
46612
21108
15117
62862
16070
90005
8282
2692
41575
49859
84115
56734
11916
84041
18982
69529
25923
71134
29028
3992
5075
53183
24914
33940
14500
63488
61267
21515
35703
72139
57764
97647
10424
3953
84389
82389
5595
16328
63595
22131
22150
83940
51752
46141
52286
370
30735
87187
40337
37967
12834
665
4495
30894
94332
93429
96194
81177
48362
52582
28738
86767
66989
69437
92096
86468
46310
7962
99653
36594
63933
9595
7539
6896
81842
21135
1431
78774
81655
14129
32752
74081
81178
97736
59304
57098
93152
79530
9622
90960
86195
24418
67966
11013
93394
35384
16950
82316
54046
65818
54061
22773
87535
3743
74034
3239
93127
97599
49053
73197
91998
17420
99523
34233
19829
54658
5588
69254
10133
34997
93317
66780
98341
8692
50399
39514
41629
96526
13503
46458
4184
19115
24728
15836
60068
9979
86547
77435
23701
56064
63972
95553
30477
36426
98962
68775
24896
33733
91184
38736
29795
47697
72183
19049
72502
87282
24432
78842
53344
34520
61610
96601
84096
2594
69012
72883
92692
83687
74165
9849
68111
28154
45552
54069
71025
97765
36302
61915
9731
81624
14618
7896
5342
74767
16663
56488
46933
5679
43334
72787
85548
7704
24090
89182
94455
67371
11456
27882
67414
26079
76083
41210
59569
81334
70625
1640
2144
18113
48024
74738
50979
62518
69111
71721
19901
53714
91259
9328
85932
12524
25949
87013
40352
1378
24302
60407
4063
56371
59615
3654
86308
8420
94501
83652
5540
73409
48328
24008
4142
15022
54343
28819
57656
68597
21808
23029
38594
52370
69280
40740
76112
2128
41951
54890
129
89071
857
58191
57032
10218
97578
45774
58499
44369
88430
42558
68018
85459
66180
46493
5386
67251
5186
70910
58181
97131
29357
71755
79570
1273
21812
51694
87091
18875
27543
84180
66470
39610
83522
16470
72551
90137
66977
93924
17444
8568
70320
13286
80167
79250
55012
53135
86190
22787
35353
8861
96942
71041
96710
2999
59714
29103
78621
55759
88407
45884
58684
39624
16826
4250
76089
28407
1937
49710
73943
15249
274
11262
53465
49613
26810
16070
91588
320
46261
68677
65504
64304
83522
18681
87238
95429
42901
80522
56756
43448
11516
11218
5517
71561
49884
30696
96461
75917
3160
26604
51198
36480
48844
20104
8587
85680
17576
47097
76190
43643
37515
78300
9497
19729
80380
94381
56103
98145
17013
80661
85507
21415
92954
30495
3732
89056
5744
81904
99729
96115
19609
15671
97161
19657
17478
29024
15459
63418
10094
1558
77852
95805
4332
13112
5932
33217
1720
85789
91182
55504
74594
98317
58904
22499
41097
29783
43526
18349
16371
19531
79935
35673
47368
80075
24034
21844
81139
89840
2250
51356
78921
92685
88050
15454
2809
89703
17082
79842
24562
70515
87336
19956
90722
44224
21520
21293
56768
74662
78560
87696
85498
97110
47046
90564
21623
42178
48436
24258
89079
84088
52079
11880
83538
39826
76583
81909
10266
43449
19689
51395
12700
63685
93787
45856
32196
59978
44951
3144
58554
2740
65077
6477
11280
14555
65858
81812
45639
97487
93831
60631
41267
92825
90763
40475
18436
75455
36418
50896
67641
39612
11027
13319
54972
27165
74995
21813
3322
1190
58368
61646
97228
45292
65704
86339
19011
45601
600
68983
73968
94772
36270
12780
49618
59059
10127
19876
72923
53312
27419
56741
23559
94055
35503
18942
91714
51758
51506
84115
39560
44045
78489
44448
39119
32185
63404
95976
27121
4424
21463
72836
74854
67436
76929
72870
3342
98247
63701
95913
17038
55118
48891
50011
73771
1626
38086
3172
9788
46761
94625
67254
94096
16486
29422
29923
16282
91822
73661
17432
95656
14152
92756
68498
31848
54584
81888
56124
17126
62633
15599
93467
88057
55593
67077
84442
95155
28478
70677
37493
94100
60231
86187
80360
9799
54210
78740
58368
38014
47006
56587
11521
24586
46269
257
2885
62363
80393
18162
19187
19739
81962
86047
47155
31162
1158
79198
38503
49409
44980
34768
87805
21144
36168
23332
35425
27965
12395
58699
77639
75844
23519
18110
70120
6046
4078
68881
41787
55335
64191
22079
14761
10315
51490
17754
12137
74184
39031
49198
8640
75012
40237
8958
93034
12237
68783
90378
88418
22936
64833
74920
49967
21693
40523
43344
96220
63852
15926
41109
27084
32278
37410
83169
85219
22901
20006
77489
69655
18414
11195
61241
88935
63198
50059
2626
35607
14561
25076
57883
37264
13700
80463
18851
90502
89271
72112
93069
69793
8146
21534
48285
58258
97923
22114
76363
37602
57068
23740
70132
92231
91294
20723
70004
11741
3592
85986
86769
71635
37896
7736
81659
38775
58044
3845
13383
51816
18559
92667
95948
50789
26938
7696
61508
96880
62910
2983
91012
41084
73697
65025
78539
90821
54945
65652
45970
92978
10458
7109
86910
3285
85344
21434
31896
409
39875
9509
214
94077
8731
24546
19042
64402
27792
19342
65293
83598
59215
73124
48832
609
94974
45685
97938
72872
29197
90838
83831
92392
57875
20405
41357
11450
5756
92663
65446
5504
75800
61099
57005
53400
2768
96935
32353
49150
45983
14136
63028
35602
359
62373
33763
37335
58278
86301
8311
39658
23496
59025
71213
49038
25679
7823
36202
88326
83190
7592
58646
35130
53897
59788
7797
98117
16119
95432
97841
98040
13331
48788
26888
15060
27809
48229
92032
95503
86642
4021
53172
19455
84352
25787
82008
16775
89886
7967
27721
94946
60733
44027
65960
38391
55491
27898
81705
40571
54576
35647
21216
62846
88461
10272
26327
74708
32136
56152
21228
77450
15791
40699
1684
79168
54420
39191
50779
28109
77780
91022
8230
8152
67711
2894
37306
69305
82828
88498
59570
99912
66524
51460
40927
50995
82806
90327
30994
74079
99461
7300
84640
33734
86740
50271
79154
20033
42343
86792
83971
16300
77119
53596
62792
63554
27416
13064
95136
85566
72966
57022
91881
43638
96582
21316
10926
64332
99773
50689
96363
64094
8196
76700
28649
70480
6382
74496
21413
17439
23740
17272
26961
96036
4527
43270
22792
12928
88669
77373
23578
69742
95191
45429
1113
42438
15420
41001
37152
65423
39344
14822
20260
91655
90430
19877
8104
419
24946
92312
57171
52921
91651
77696
61826
55693
30061
95845
39111
53312
98524
97999
75663
22399
27111
26621
68903
62768
75587
86211
55060
65382
37343
55990
78096
8917
97012
35307
5606
84651
35166
22373
87982
96358
20202
70658
78091
17495
83603
45420
12377
19575
1889
83841
66899
41346
39160
97862
64543
63809
50974
45336
24832
38735
37251
91790
15577
35661
99601
52908
58681
94754
90238
54461
18146
76151
10016
79306
2197
56453
48530
51408
79165
30167
73834
35484
63492
53503
89091
36749
69758
99151
70764
41798
33676
89830
97541
49246
59106
28412
55080
42430
17894
30695
86739
17623
29338
47429
65694
90748
31329
59854
95664
8090
15278
99566
66172
94666
64902
1767
28298
62075
46570
62851
83150
59531
23990
48439
20784
28317
78611
60771
20200
73785
1373
6100
33514
48469
43429
56211
6146
16062
87809
98344
5419
9903
3487
62674
26519
34111
23657
2874
84345
57339
114
93006
95860
55043
47545
27208
93634
80899
26645
37377
12137
70559
39654
21879
6716
9178
66051
17702
51237
8691
95621
12235
74266
48227
57432
73246
56044
61316
21920
86673
4659
75736
76426
62861
73671
8368
10240
78471
923
16220
62577
25247
89418
50432
86206
34861
70250
81608
55957
17341
68060
5954
51638
75654
61718
87880
18739
47633
97612
74300
71164
32317
58979
39972
32717
36401
94133
76793
48209
98349
98939
87581
16779
35016
46114
70373
22817
23834
62021
22571
2996
74436
5358
4578
18612
98706
24098
772
1143
85791
89629
62607
80860
26624
45057
30260
66269
49446
17715
49804
40728
93457
33399
57609
18403
80480
89176
16621
29540
91345
65063
94906
85613
75041
71303
96729
26958
54400
21359
34011
12303
93361
75650
62418
8719
36331
6720
90155
89960
15854
4104
73372
6118
12216
81843
9540
41036
47750
86176
38132
9529
7476
71233
9798
20728
94724
76995
5819
55322
48328
3301
11868
28086
83704
37501
47368
17807
70982
48889
82073
73760
99022
26662
13685
87241
91692
88787
73396
93198
61763
55693
79208
68225
83227
24482
4826
22127
65851
41690
13996
59336
901
34832
41632
12553
92236
45285
22415
74716
34474
91733
70054
98862
4102
64373
10508
80815
57547
22558
29037
5937
3599
12621
93560
92636
24093
43643
44859
59222
32675
25241
51957
29292
34892
22736
72859
64189
85031
1132
95006
46406
66371
98681
58723
70030
85639
80347
64122
18854
13973
24011
64580
43293
12652
8058
55737
88280
41273
48996
88460
48592
425
63194
42040
9233
39776
40762
63969
81367
91515
46319
95785
56415
27553
82631
39566
4919
53898
23529
6996
43747
79522
26005
45248
8664
60661
8664
16639
26834
66999
84579
22916
36034
12672
46413
45981
3177
56640
49490
30254
44877
16377
82755
27340
67655
28226
8165
15739
30022
68492
50818
34382
17744
42000
44713
69071
74421
17945
33376
48573
31112
24122
37135
14368
6935
23403
59751
43742
81140
36650
36389
48279
4408
93275
62120
27370
96767
98666
77594
80438
52496
92925
86618
58342
16180
50197
5171
94034
67960
77343
71560
85232
23264
916
99142
20754
79242
68387
20404
44251
68476
64424
34600
93372
32103
2539
29973
24469
79881
17343
72305
75756
40352
52938
96078
38188
37505
78794
98188
56738
18231
65717
75782
3797
65090
51157
25014
3491
94133
41365
48128
28379
78261
33342
11961
88072
58325
93247
26238
13641
20224
80702
14153
50617
5038
95805
44880
70326
4839
60954
83250
448
70200
63666
26019
2758
88642
30802
28281
80946
77525
26481
30336
38515
69216
43925
97495
7009
40976
8005
79864
44259
52555
84547
36514
37530
51564
25165
98760
69285
6277
54688
98653
33179
58116
47679
58180
14594
7322
9203
99431
27522
64965
45292
36116
93743
50366
75638
81402
61113
98311
37870
29349
96835
81091
38991
47893
85654
27152
88490
51194
63477
32043
58996
74669
22837
27829
97158
80400
21536
85745
82901
99687
31773
8574
52341
79294
7263
48430
42772
87164
75927
43764
37646
70975
68407
25338
1817
52088
19124
99787
72527
87443
18833
58009
35954
95480
5968
70623
13279
65913
53208
95238
59866
75369
15409
38183
97576
88260
28750
59697
40630
37223
84380
1325
75268
19712
94398
88022
6261
97499
26012
45069
61276
21749
13218
95458
80854
73765
72621
56862
73326
36640
35151
76859
33956
80690
83899
62278
55566
30224
27762
13557
23338
59428
59156
35304
3062
17507
82741
16241
1081
17947
64362
15781
39901
8138
33962
38116
62151
19951
57329
23811
15639
71888
86371
3990
2072
7521
67370
94579
35814
32120
32455
76038
69736
12454
21731
1847
62594
77915
92396
63347
91024
56380
55780
55379
72279
19369
36957
25817
46727
45783
127
35614
72895
3951
97919
51450
73057
55166
33231
95542
50137
88163
80427
68962
85492
88324
46045
27447
86408
32114
75522
84236
27556
93983
32787
59259
16108
30991
31712
82703
70564
41553
47851
90032
31993
96842
3143
65784
14535
70281
28791
7427
44683
96854
13210
2861
75953
86818
69888
83955
73324
9510
39409
14613
70261
15891
8058
78913
71164
38659
35342
42065
23453
50529
24978
8583
40311
90396
36969
88650
85180
80262
12911
16126
3323
68094
39553
30702
80772
29926
83306
29290
61104
47757
9378
61053
2144
33238
19771
16102
88784
24231
94620
75876
34939
86726
83975
94155
71876
4627
62550
85558
49848
81238
98775
93063
96599
23282
11289
2166
76338
77356
98141
41238
55353
6051
80962
75697
41150
63925
6439
7073
70624
20867
99867
60949
85642
37036
81188
16598
84120
45399
58826
76145
67376
97749
79442
79866
48982
16315
64455
78862
21948
17604
39764
11427
26090
53382
20522
28887
5763
8277
53004
7951
98188
55476
14934
28981
81372
37826
7421
59563
42095
94692
18046
30939
18529
21995
73862
57605
26609
1095
26714
24834
99471
27577
85125
53019
81104
88440
34858
32260
16513
52300
10834
75842
92395
50875
77957
11900
82815
50461
98495
11156
8894
4891
36767
27257
99559
8824
92898
4095
79520
62918
2277
4668
81564
28169
8480
70611
70351
61915
47878
92933
2967
75162
43050
89795
83857
42204
38545
67655
44039
61962
74791
76149
2600
15557
15940
94579
90811
57868
53461
72279
95542
30763
52740
53596
50022
6165
94279
64225
42395
7346
41549
20899
2583
5562
8189
33732
61842
46972
43400
57354
70280
25243
60056
17558
88127
26129
2067
66006
12229
13901
79801
12483
8454
75599
97391
72204
22421
89454
39772
77691
47926
74321
25259
36692
20413
53891
73565
97039
7368
82208
32737
43838
14467
96107
1998
70298
70707
35182
65469
23893
4098
28272
51995
28493
27546
29065
12445
26984
8172
35986
11310
72388
7199
65709
9428
95960
99984
23364
97145
34235
52564
5029
58638
30021
81165
35962
98016
12347
73600
27092
1496
87240
23985
15879
73593
19653
22325
96767
9146
91348
41446
46580
88866
71383
70897
60349
36639
48759
86679
6039
70315
47343
38037
31234
71329
99069
69635
21974
47328
91584
31050
98
53385
81080
34489
24071
48403
91320
92116
89775
73635
3217
14217
5797
92790
5983
16163
87256
59124
20816
99324
49257
25669
67560
56778
54153
49203
92751
44551
74525
50018
351
49438
17563
60298
41347
93196
7786
36893
46826
11945
45319
56643
96904
32405
67097
33126
32240
38445
65345
82905
82380
62850
26512
92261
81794
74430
85825
24301
80337
74869
55653
46769
17591
39756
73283
53779
96655
45500
51442
12788
8377
50363
12298
8870
54005
92614
28765
35155
89681
21026
16962
54306
79206
91620
67639
37501
22926
25303
78504
66918
7371
83486
56556
71958
56293
98550
39052
57147
59122
13318
36472
86741
87003
52557
74528
32017
50552
17641
38255
89180
45664
50669
34620
59310
57906
1346
67563
25971
72118
35781
30852
71351
66996
84524
5416
24891
93807
40340
52577
55455
53562
71619
76033
76363
84555
30222
67303
26649
17092
35622
86950
5285
87048
89325
21254
56702
48865
97246
14051
54947
30986
13080
85030
23340
82467
65121
19745
2479
47140
49636
38210
10211
65064
82801
35618
74045
74637
58258
74756
27684
34043
40914
8879
36495
48832
25567
84304
77672
63270
48715
76026
96561
26289
97631
24468
40481
86590
52692
93897
19433
10477
64824
79509
67456
97412
76739
40221
4247
53706
47209
82066
90608
22490
86368
20903
90073
4200
48534
74509
56899
80817
42074
39209
98426
73610
41650
83922
67433
58332
95137
87456
21944
64362
55323
17206
69220
61406
41424
39083
72093
85347
80057
23965
16060
66650
85419
74071
39921
76728
34396
36280
38056
78184
36997
38616
68404
25615
81083
93846
55762
92817
72788
45916
58569
59754
60121
26246
67168
69162
51684
28666
62777
9450
2416
71553
760
18108
23148
31776
88192
67579
44001
90706
23935
58856
49400
43761
27364
16706
48803
43604
80323
47579
83322
79276
12558
34141
65396
56307
6528
59173
6903
70760
25043
5730
73504
28605
75767
65445
37855
50295
2466
49307
5654
88183
48816
82082
21980
99713
10354
16360
98882
50461
20358
8079
48343
15198
26129
23140
58994
66620
52712
66842
25247
29018
60676
73242
65662
18205
85353
20794
67994
61919
78851
98508
41138
31016
41925
95139
30460
30477
12160
65683
45953
90169
60291
56443
50401
16964
57387
58306
2475
52627
6451
71236
97584
35625
24059
76636
27507
75575
16419
3775
14360
89560
48366
36963
71610
21851
66941
17327
73274
30991
92681
28517
54459
87029
20888
35079
68728
4233
22840
48698
60819
27046
18318
15367
55468
7614
924
5513
6957
65290
67632
54886
14057
8385
51323
56393
41802
23328
84833
28550
50023
40060
85033
71485
59947
77934
16777
10554
14736
88980
7907
23273
52734
67722
42957
87314
71242
32999
81495
63995
20927
61428
10369
7983
63359
37794
14459
46074
35706
64496
93278
45400
19400
94291
98676
20758
42014
46833
55420
77534
90838
90371
90778
17977
57382
44358
2151
46336
65428
64009
85152
8802
41833
20838
7623
88596
29690
77049
8125
22152
63475
70703
74848
50241
95703
62508
3872
58444
69046
22198
45300
24408
77579
3960
73157
30557
70651
92392
50602
19001
35642
68124
80646
71698
79344
84475
3566
98563
86668
10079
91069
64965
38708
33268
14059
20134
15522
40537
22275
94875
40486
43708
77290
43230
18708
60744
31224
37872
47681
77067
17945
37298
26447
89125
86510
95351
90058
3150
70897
11228
58941
5309
71776
58967
31130
80335
85700
44311
89902
53022
15034
30114
70117
55727
78516
91935
90835
37416
52989
18599
53251
65694
50882
9601
92135
53770
38518
49583
46758
18708
30077
12372
69640
11047
35934
35176
71932
18323
12099
38373
75044
86913
47971
94659
62032
87832
67182
70720
10609
94576
4516
52641
50161
52297
57978
93247
54428
62175
66832
77360
41816
36117
97553
71193
22945
2661
60474
59070
19793
43339
20002
72511
25316
14615
43556
66338
17723
56223
47569
4303
86589
67799
38974
52183
14192
77437
62212
17342
53070
42687
80748
9757
51491
34740
96558
38927
89360
76778
71714
59370
27357
8112
50926
67270
74574
32005
27324
35545
8741
91640
75524
98206
14605
62528
90772
74018
97144
45370
57001
45508
40450
43132
6000
77106
62592
10245
21019
90577
18058
4628
76978
40945
84510
88199
76947
78477
16872
71704
77609
82187
50112
26667
8600
61430
67164
82543
95152
88964
43968
22539
41784
43990
19777
26205
18920
84225
2111
73821
4678
64328
10985
36747
17486
4112
14661
34578
13695
26406
85582
12295
57146
25439
67761
74815
95397
13783
34531
44570
9941
80049
15094
32056
46608
95520
62845
32988
21168
58305
69279
92722
76365
43051
67026
13281
71201
13364
9180
4488
46768
32586
68847
68745
3382
31673
65394
16344
76229
44963
30809
5136
49694
57541
63879
24629
49234
78930
90140
21967
41267
81674
13410
55391
57128
92860
35930
14094
58414
54480
3613
82032
4602
30043
97803
77356
11202
46349
28674
14935
30126
46501
56760
76205
27495
64142
43028
18823
79173
42396
64047
92272
23225
87214
63221
65095
19176
13456
11616
10522
95743
51300
57930
21748
41349
48777
534
19650
59739
86524
13427
2884
50255
75204
91842
94767
24913
37205
27895
92986
49832
17107
34921
16018
90434
11342
58806
17389
66823
32707
58180
97747
34732
18151
19192
78826
88571
35012
34856
78719
63608
23377
59084
92649
28968
61162
42016
48021
95373
68454
40181
81971
85561
18631
60690
78636
16378
41912
31314
30007
89972
83145
52828
27032
28344
15681
68152
32103
56012
13015
6195
89902
2349
49177
29378
26455
58023
42273
87050
29272
69326
10784
22016
98369
92526
76209
12185
16101
57462
40556
62448
46659
3697
4848
88747
80463
70549
32052
64305
13287
93010
9912
92010
82358
62259
50280
79622
36383
89254
34235
20612
74106
54863
2042
60682
79187
61129
54460
34506
52135
3495
52051
74642
15455
50567
59537
86204
97502
60431
48915
55907
25971
77968
73762
36262
59413
18775
39659
36110
42246
96588
75803
26848
23227
19944
88343
91797
1655
44166
9560
19334
16088
97546
12170
9791
40959
35271
76554
31790
2722
64076
82121
75953
40338
78328
94642
96138
81101
65780
1268
60412
21469
18350
92260
55548
27693
25202
51415
95512
62225
67741
84549
53335
50871
29580
39818
28425
65798
63971
95304
24142
42222
7869
33387
78170
14467
99851
86511
44899
25302
92205
10695
35875
42898
49148
97866
97739
5286
56623
82099
15756
83856
81042
69566
34982
79527
28785
25082
10757
38510
66216
30340
17130
70476
77126
18190
13600
84963
14089
41080
27843
38692
6515
70209
70020
57045
48673
10437
1722
31715
42080
23139
9174
81872
79547
40287
61180
38303
98406
98643
85682
74768
75753
6389
59086
61865
93566
65399
65772
30958
84265
12775
91197
15542
54256
77065
77340
10832
99547
77937
30854
18348
23360
79042
96431
43077
21165
35258
90930
36839
57010
75297
86557
15446
55399
53075
62939
126
11122
8154
63479
83275
44665
70764
47450
29304
31943
93633
27616
2482
62947
50347
38757
20468
67789
67334
51408
96711
9959
16009
40699
58307
74470
28932
73949
8968
26219
75750
60144
1180
14125
77213
99710
91392
14457
47580
73683
52596
31592
67127
11134
27533
7641
88447
73893
6663
36540
66088
47658
88066
1666
66229
90168
95114
67456
5171
8804
15733
96815
38482
3084
56194
33488
26436
88357
85734
50637
47366
6010
20209
93651
98812
65119
42833
4875
13166
50665
86024
55040
67286
72429
60131
28092
72079
99514
47897
87046
4596
23936
9285
38775
57950
55781
93110
64042
54941
94045
81206
89
88160
56026
89174
60077
27448
94415
2855
1109
47335
90239
54290
54507
22781
60694
29529
66054
42954
28101
61410
26922
40460
98689
46040
23429
96726
81435
35700
43030
72010
78791
49935
19121
69460
85934
66880
11259
83255
53
644
77664
96659
46787
39710
14358
69647
54779
15994
97257
26252
27055
21087
26839
32634
54284
59630
89472
9985
65744
63352
46013
58714
59825
29100
68544
40303
35168
85047
36847
93814
18270
82800
42901
27457
83747
30263
93673
58978
31682
53783
41946
65440
38444
16778
44954
57704
23096
86487
15175
26303
77409
1273
17510
36701
54631
18949
36834
17686
71166
74055
34478
69733
79147
3442
7981
44256
78187
99382
48888
24020
65957
30493
78304
11961
21406
80574
20269
43046
84147
10840
17207
48682
69872
10544
16404
16996
65289
6199
72827
64797
93430
75986
87812
57627
19305
72214
86294
35001
8797
697
79517
23714
37598
91155
60346
46916
22970
5549
15294
74057
98680
93789
33540
60326
56848
85796
99861
68603
87039
90986
78967
71988
26554
84092
30591
89971
42682
20676
92656
49193
94281
85269
34249
83450
31323
93493
11083
78717
50198
69489
94027
59740
90905
98770
66117
99641
42446
27485
779
33509
72353
17690
47963
17811
21730
7529
97161
53507
60563
70375
4233
2293
12893
66102
79777
13411
59539
50090
29002
63355
74713
21144
18404
17550
96959
19227
81083
27784
17974
30950
47525
15196
19897
59146
76841
76590
37305
16437
61719
23794
96333
57577
18153
79823
65255
91733
46847
24803
18992
52706
40102
92356
98484
37425
58797
51209
99286
30413
20853
2503
26447
69376
35533
29612
22850
89037
82397
53747
89261
3187
76106
43102
88371
5208
67022
17136
2990
38582
52295
5226
72381
56280
8791
65269
90849
55169
16713
82472
349
25632
77304
6892
95585
59216
97348
26957
22043
88542
56972
76218
9336
93100
35542
15805
76600
97000
3984
93275
70403
41661
48219
60704
78118
15626
30122
70167
60584
70264
38764
67682
72324
99925
53398
63629
25884
69214
47518
29155
7861
40065
95093
14449
81610
76077
95890
79281
20737
92987
88670
93850
51184
23438
12068
58688
77413
16599
28775
79958
29093
27180
66373
51779
49777
89291
3894
9411
39702
71913
89922
7386
49481
74830
85414
30338
46569
33770
79095
2041
19737
50842
49430
67597
81595
44914
16497
48886
87856
94710
86216
9284
40439
67561
61
80682
73692
43313
64672
92320
72183
86479
39579
48825
3065
81284
44368
76354
38024
81731
12119
43643
37505
26733
60221
78252
77750
98776
70185
4863
72793
55009
21556
44992
85697
80637
66948
81921
74769
4732
56647
3256
69099
86775
29859
33258
11262
604
64532
311
546
40143
10861
6125
82591
42573
71779
13705
7339
21809
2931
74916
73128
59809
19526
17174
64923
94587
63128
22428
14335
62447
1585
33292
25083
8863
74545
50730
96875
26962
66989
77146
34244
69873
4316
32649
44147
15430
62402
43124
8858
53242
74581
52959
1800
81731
30128
9289
67249
12684
68336
16676
37477
42104
85976
38099
38558
77569
81042
73727
68028
21048
16830
80378
54821
25786
40672
3255
55492
86877
73027
49492
32185
20004
13570
61094
87866
48626
31491
43353
78736
65255
83482
84190
58626
50313
39668
92141
83897
66218
94092
66579
34388
88675
75096
87810
36412
94204
98139
76015
41058
26872
53798
80372
39658
18844
84491
17472
28533
24882
50233
89932
46077
37689
94992
2772
37567
32640
21752
4507
86118
48532
19358
89275
92786
6448
15104
43511
44908
25760
24681
93663
50488
55477
2294
51863
11457
3109
44532
39782
65822
22196
63607
59015
15984
4159
20501
96700
93683
72323
50243
3771
72451
93631
89898
92527
7514
64524
87587
33210
3740
40980
72565
2773
200
56571
39444
90601
35394
43129
91316
34458
88109
81971
38685
63922
84926
60343
73291
88627
85947
18404
49828
72585
75518
20910
21211
56858
65580
9768
44348
46933
15522
11322
36041
24842
49632
60834
58814
59414
64716
29900
61305
50554
81008
15785
15663
90481
54945
25976
7601
47171
91234
98961
47263
85336
91153
99980
27255
79291
35359
82586
25021
25626
98781
44383
18935
76786
45929
13843
14289
24092
1528
13876
23910
56046
57100
99274
91578
59733
5246
30731
1912
39603
2166
97177
55700
16562
64060
50706
33690
49652
33578
79524
24054
82130
4879
35678
51773
36624
96851
38878
44552
41102
11686
83509
45642
77357
75050
91217
28235
91879
8401
67523
74044
4627
80674
85418
23459
1604
88683
2372
12726
95223
80153
64637
90514
22005
89823
41780
51167
21422
47501
54953
62883
66369
86179
60811
27917
18658
51534
78343
41512
72844
22470
41812
41251
66056
5480
19426
1456
19461
12218
50169
47942
94478
26151
49329
60949
47049
92996
23637
87535
33270
40049
6813
44377
53449
4639
7674
18449
19862
57500
4801
50070
10340
60860
39883
72752
38341
23386
24458
16525
70396
40324
31705
9203
97332
7011
68405
40217
36849
99862
80869
25663
27897
90809
8242
32794
15657
97435
87803
61416
97806
977
81594
61962
7416
99
37601
33617
86269
76578
22607
23662
68537
7112
17138
92946
8343
97610
47045
46437
36235
67457
81600
20000
76632
79139
22173
19531
52618
7088
57095
40907
35584
63042
18719
69418
58730
69744
1787
97233
69410
34787
53949
60272
77255
57207
57126
20784
73670
15296
24450
18047
50389
41365
25180
30348
19378
61593
85330
28278
77927
18070
81000
79181
19482
81701
88078
5494
88394
47721
34216
38600
95823
49813
77027
1447
13508
21327
42746
19425
22013
1388
45862
37321
82639
39047
90519
94219
37862
88372
50040
97137
84414
73510
19306
51340
53787
74768
40789
95554
69129
51631
32391
25949
81081
85851
22225
576
64339
23733
16839
98051
18846
65905
6264
76538
72209
43679
96543
80436
91183
93860
67633
21
97682
37080
54186
22312
30506
25687
47661
38741
80538
47193
50296
70382
68998
19912
56241
96788
16822
89943
29880
14128
71532
51989
78290
18508
67245
42769
79132
10108
78226
60354
4371
75270
83999
32369
28268
44001
31664
99913
70070
38652
76073
78099
17513
71654
15609
35883
7540
52296
87438
99755
63614
1239
63979
53504
28490
45692
58790
35677
55068
87738
46555
37552
60515
20183
42821
75027
86384
36628
91645
12240
65123
16909
19872
91229
38056
93434
34476
6635
2899
31361
35228
26836
22670
78472
96741
3131
11290
30494
3879
82576
85211
95988
44845
82332
92097
38520
17584
97330
28833
40582
49500
70912
60651
75198
34631
46704
81368
72750
15447
35057
11216
52154
32777
23706
52509
19719
14882
82044
23443
39689
63736
55889
32749
9068
27029
69136
72065
37540
99133
99537
75850
37147
77803
62318
81862
64317
66185
47472
43840
50037
21764
38541
15046
68822
71360
33056
63210
21138
29823
72377
23638
35541
73887
89144
76847
93611
38163
51583
48168
65495
74640
43827
73618
15911
59208
74070
74352
70460
41845
88193
53535
67410
38203
73406
17925
25195
40843
63927
37709
93974
5926
50926
7717
26755
75899
40309
63260
88659
85472
88252
26153
14602
99305
78346
75397
77937
64923
99135
9614
97291
58705
92751
79294
41630
18842
56229
97338
480
71219
51651
52767
74236
13873
54195
59569
23713
36110
46862
40013
18899
10809
85693
84988
53594
62039
38933
68105
59857
98010
39988
60272
41708
54312
40418
35268
13175
71633
66087
7913
19670
42971
62780
17440
33820
35484
51917
728
45109
18776
51683
41827
18061
59122
90716
86482
73012
7762
25700
79592
79910
88124
37481
2470
31230
91380
11058
19924
73456
18926
46393
52081
70023
38949
20343
75928
48030
68253
51168
18110
10121
38204
22996
41081
46326
98161
42211
82587
63597
53937
62257
5413
45933
86496
28003
31546
5490
60309
86210
42441
24425
31993
27272
26182
72383
99603
71804
79112
38779
14787
38452
4759
56595
7589
69470
41705
65127
96400
56145
33070
49169
28472
56327
19519
56670
40980
6147
83528
10946
88797
70438
87721
82043
8727
93685
78128
10932
96814
68698
46724
26357
63100
43808
48809
15484
57498
48818
38343
17025
86299
66420
9090
4164
53140
93272
95953
75667
7752
69513
31403
93455
88277
68165
49982
44349
50731
22716
47868
13905
91342
30773
68314
27702
9421
6712
86070
84665
7518
4034
99173
92163
67805
66503
24647
22377
61348
83557
28903
15455
97733
2461
3179
27301
37294
53269
38081
94935
93826
4459
64754
34781
950
24438
25683
55525
98107
81388
94744
46427
7202
11288
68148
3718
70340
39240
25650
21773
43518
27605
83002
67174
93813
32413
16173
88881
27593
41012
90408
56152
68632
91136
90839
3058
39281
64391
91213
43367
40819
69122
24271
79961
88814
82476
8252
86444
34313
99462
56961
98054
27619
16307
51417
66220
21458
97580
40968
68538
8265
36803
27932
57094
90980
38591
77795
16067
20449
65090
64437
5949
48028
82284
80955
74396
3334
3040
78361
11336
24160
29729
54567
28132
84052
92355
28533
52325
39719
24619
81600
41702
23422
22674
35101
4016
41190
67177
88981
50222
4681
92186
65995
69224
35024
51012
50025
45335
35352
77021
62885
18417
19219
29631
44377
78536
82236
99800
73042
98626
10058
25470
76349
95831
83490
22735
82527
25353
47182
76939
33205
36157
14060
28138
6655
31974
63734
85344
93108
33039
42329
83198
16972
62698
61734
63182
22482
93791
78297
56565
21780
41391
94136
90356
40164
79212
15837
70165
85734
12289
68486
24672
98154
58414
43816
26728
4357
91081
22976
12403
14802
96893
6691
40002
56297
26860
8497
13651
34096
20308
252
88736
47056
90617
55159
91814
42022
23704
87974
27444
16137
93570
99611
80819
64554
17657
85044
58558
18881
35005
58824
31402
70815
65894
41763
24887
34699
54133
34059
13303
70714
2185
36068
65425
12036
79750
77616
7537
3255
52002
84706
80654
3106
95532
96266
21232
97283
25873
75449
38640
41817
49939
94771
99091
61484
68851
17920
81163
48853
30271
57115
87889
89646
74671
56730
13951
57501
34185
68783
84804
40041
77507
55303
66879
50300
78171
28295
75283
69628
20531
27604
8826
78685
95420
71487
20775
7415
36977
3941
43185
61830
96453
58684
72984
94888
96817
91009
28436
38802
82314
63731
63098
57090
90645
98599
64310
94636
27891
48791
83313
40556
42638
11534
28322
2666
48288
9204
94227
3183
35954
6536
20523
30243
25597
22974
43588
18822
82319
71992
53483
87163
99859
36480
87315
56800
64507
51736
88040
96821
7176
26139
79525
88187
20629
2629
19192
84919
30362
70317
46599
87613
96782
25253
2847
75778
43208
32854
31493
67671
55010
45488
12317
55900
95309
96150
40698
6157
24219
71523
38160
96553
21164
97406
96008
9815
27012
32337
9614
22967
3782
58670
88461
12002
25392
65870
90381
74606
33633
11536
13592
31652
20242
20369
41811
61689
13822
23625
92878
24479
61932
13035
60699
58839
32157
50047
66448
99377
29245
93033
48766
10870
23240
8526
63888
96341
57027
315
30507
29438
5769
66093
72524
12683
57931
6507
76310
795
55594
34318
95993
3386
39460
85135
61036
90748
97971
29621
79845
75346
99423
91004
45360
40600
62771
2721
8412
11716
56481
45471
4661
13507
93118
63439
18710
95840
40511
48016
908
25650
73737
65652
43782
94928
97040
45379
71410
38105
47490
73141
98370
27405
20470
55161
30015
14765
20732
31924
49912
55209
98095
64593
44314
10123
29656
82486
10269
76021
66425
65196
50237
49954
28713
54194
1608
33770
47222
50433
43560
17392
31312
70307
64227
83341
47101
77257
93037
37957
33424
3944
75107
8587
98104
45699
27555
9144
21338
33659
65271
14554
35110
95390
71681
82294
22904
48416
98692
66276
53552
96246
67544
70300
88364
32520
23897
27788
366
60974
63023
52400
89449
72312
42597
62480
90090
41650
51850
83014
26639
92465
12432
13563
85162
29005
82282
35922
98627
81933
60436
98686
78565
26760
84405
37178
36401
4806
20223
65584
21802
99768
8778
60365
70636
12871
25106
62798
52793
9200
92205
81255
96566
15678
39637
61088
83813
53981
85139
59358
50238
87975
29161
18434
537
64338
73835
62688
87908
5418
26078
85283
21426
86267
61212
26871
83687
52067
42927
72291
3899
19484
83130
89427
89728
79182
2119
62887
87123
23317
53366
82421
19668
60866
15345
33827
70607
90344
59828
6297
39036
62419
74891
47374
83122
6922
59829
10298
54466
12766
77402
31746
11053
12847
55458
30754
4845
39735
28706
21355
62218
10947
75565
64591
52053
43657
65615
60561
70922
27384
56265
93343
92240
36629
33255
41481
44593
35755
6304
82806
19353
91822
8420
74357
45915
21619
71368
6820
5407
84591
28981
30871
61637
38472
44080
28088
86854
10300
95322
39464
41307
99269
39377
27081
56501
84059
39507
74424
79593
13977
86161
69090
33430
45901
2002
70397
2527
1208
18675
30433
72290
58794
55153
86331
98403
25393
31705
53767
92550
5166
54627
34293
40434
66841
41498
20084
52445
81339
17855
61857
82113
96945
27228
91430
98430
59892
97442
15736
36469
73684
25561
85646
91626
64888
67175
82514
44115
53046
28679
31108
52353
85740
81874
74426
59350
51868
28656
66589
4403
81918
17951
21188
83353
56819
48321
75346
31565
63723
87901
38511
27951
15969
17298
18866
79606
68982
42667
75546
99667
58984
75970
99399
52660
86747
9503
96374
15070
52802
32080
46561
31235
30852
11332
54551
55732
4373
2292
34807
16567
91829
50949
80392
65146
90168
3156
36384
68441
63008
94821
90368
9200
53110
66923
45419
5948
18553
68528
96606
47316
51947
60276
78764
31643
41339
7276
97099
4636
62747
63134
75233
66689
7860
58979
7837
8035
95578
34252
62493
83591
73119
27932
52062
57981
41712
37361
78126
63930
65914
48603
37178
35845
5687
87491
64620
31553
72186
48749
23806
82892
6058
31747
5693
99875
19588
23678
1339
94132
59086
37384
10370
84301
6034
13015
74197
24015
8213
20782
89931
3978
29150
33169
38723
14144
25955
39387
61002
20370
94359
76284
35850
46829
10445
79602
77532
41372
22238
52188
38393
18033
36021
83994
4844
28529
38232
52878
29810
92672
13294
40605
23340
51403
58818
19828
53741
72889
93024
91550
73919
80202
62676
80970
99773
82802
1534
63542
73855
26433
35483
32825
1776
56026
82389
71897
67958
45157
28325
10194
75913
73078
9576
68331
7075
53754
52944
84447
88011
90618
25860
4642
48348
30689
78269
58192
55357
55051
84222
22042
26995
74691
79023
3377
57188
80470
38828
67314
69015
86921
51871
8584
44564
82830
15637
840
70625
94346
73895
46018
29858
17087
75531
83238
572
30840
84477
71088
77757
24197
16540
12907
60935
6282
83199
1221
94056
6199
11143
26606
14925
85630
15432
1089
38747
17276
60079
65519
15052
77428
87567
61012
81156
38203
92185
9908
99160
95786
2804
26347
95994
67741
89558
44817
70381
38963
47649
38281
99632
14415
6785
64426
83203
47289
31093
44229
1655
74441
44490
83296
70762
18958
56036
328
36631
55528
31751
22731
14098
73291
2061
98271
3394
84796
30612
47184
96073
70615
30709
99784
69628
21797
65888
636
70643
23140
77809
33867
7110
47955
8252
24719
51295
19508
55586
77036
11705
89229
8186
14852
7212
24917
24183
26340
12354
8515
61032
98408
16676
83909
48156
31040
43732
44707
13668
48965
53070
55399
29686
13490
77719
97885
15621
66143
65038
77343
46975
83886
29210
53577
35479
6844
62429
15856
92572
44710
97615
39547
88283
62127
62108
79402
17190
23201
99800
77213
80987
6588
5840
6620
23965
56306
59542
94696
37133
9327
9295
58040
61303
35011
61540
77147
69197
63099
48430
41312
68612
27876
52135
68959
51351
13523
67117
67560
51382
98317
80694
92421
66344
87825
96357
40387
78046
22589
29612
79173
47302
67733
78723
83244
35414
39574
78245
53271
586
84962
10205
54091
74771
58487
8601
53111
54453
36881
55270
10441
89190
91982
43314
38816
28634
16875
91697
73478
38655
21153
99102
46608
33487
69258
94010
878
49154
68892
33544
11776
35278
13846
66973
66420
88112
26602
17650
7857
79224
43246
85934
41164
67319
19170
89984
55320
24419
39906
54610
18539
47878
4767
14616
79434
85861
63597
20604
5513
64477
7723
3956
85562
3337
43493
75164
75344
25009
76894
50705
2031
99226
83839
94255
95410
35219
57938
79289
14316
79275
38689
76460
9247
14281
15005
63899
30511
99230
87540
80560
24515
5998
12137
43380
71501
39289
371
37827
23825
44007
14640
30311
47525
89202
52579
19314
64039
10512
19206
44214
27923
84308
6288
26239
25787
31263
94710
71281
88332
79595
44652
76114
37470
96334
26190
96033
87088
40458
22753
56121
34847
20111
55463
70309
64634
8378
28934
20046
61703
95692
99860
19998
80024
43325
52636
40207
99710
85898
17593
40237
44579
29091
49495
44231
99356
38527
92842
51191
63012
56546
32226
23580
87760
63086
9366
7812
28844
35979
61605
17409
2329
74663
9578
92641
79735
24653
96090
94145
43698
85983
96324
1189
22865
82517
11541
5756
70616
11232
70954
26107
15536
77743
57035
5156
63466
76280
32239
16938
33958
44824
11362
63731
24293
184
37908
69917
19513
56855
64497
74703
42437
98698
7493
77029
60223
31036
715
5242
51544
3610
37196
17612
65025
35497
1872
24586
17628
4421
29175
3455
92414
79152
60187
98874
74621
32592
76897
22680
44609
41625
86243
13761
46736
96252
83671
16839
70249
80007
44934
32429
75564
26997
65394
30348
7627
93750
98706
88797
98312
13321
52289
15092
27680
61042
82289
63286
38511
8620
2407
27630
54140
78035
60634
9919
17367
23435
70877
68774
51827
85034
54337
37621
59487
96746
27891
65416
13757
29838
91246
80871
33886
88100
24369
31287
89337
71151
86081
85695
13962
20385
78329
61629
77599
17303
78290
97530
66363
55475
12980
84193
22873
29932
36970
13278
58984
14667
55605
30934
33151
16872
49528
8672
17375
21537
93745
66040
53666
29347
20583
46217
37354
85183
54811
31442
6705
92709
60023
42184
18455
30361
99054
58283
16858
7053
57997
3953
51130
11090
72303
74669
15545
55146
52544
97090
70857
69657
44254
56062
23559
12250
43864
37016
34892
66763
46838
37691
75121
5528
6573
66275
54645
13421
12479
2789
17819
91246
91814
10321
63540
89791
14909
42575
57044
45914
30672
82208
32638
57721
60585
37049
48455
3960
18624
6205
86498
62037
23390
50096
60215
20306
28832
45602
4517
6027
20024
2124
42667
49754
79270
79612
77843
33932
92523
33768
97341
1288
79973
88979
36091
64630
5052
17399
44943
69525
17820
50684
94797
6273
16292
55783
67855
41718
50107
43233
60958
69307
38058
51016
25889
28547
39541
82885
78452
80974
59206
14523
11438
84857
8864
85209
82065
34412
14004
95585
15253
11432
659
34992
88208
69341
7327
36393
33462
23487
11756
36125
83825
49289
72811
28034
63231
28956
63089
7543
25089
22168
38948
63970
10319
3297
39245
9940
97410
31083
73718
33442
27713
54522
27980
49525
68648
3065
62809
56549
21220
3147
49423
54964
69217
23081
30698
62149
12045
80831
21978
53108
71324
6460
70496
93086
72485
36689
24673
84911
30095
97387
38984
2378
49770
78314
8411
29303
21309
23286
59386
60165
66148
6540
86324
21941
72746
83985
94753
87238
72599
77096
97895
16578
9105
20609
62119
21252
84026
34895
77041
31959
78392
77898
26453
23833
64163
47044
5193
90904
14669
1395
40840
88760
21445
61813
86961
64783
20137
48554
20340
88500
41937
37435
12311
52999
99492
22406
93273
29160
16194
87159
45277
86415
46245
27427
81774
88250
80088
62490
57779
25701
78792
3849
72569
71203
36256
9135
95134
47292
33649
97336
1114
35472
14555
88542
90023
40956
65586
73454
24341
41757
53771
76033
74709
27510
56119
54426
42514
94018
80040
98711
84696
57648
90776
94639
9707
38087
64867
41109
16743
90357
27272
45981
95512
18858
86044
9804
71860
57704
37405
40817
22663
6633
38148
16022
71930
2758
29140
45059
15084
81830
66621
1115
67253
34938
12640
43467
44696
19916
78834
51935
76090
24477
56710
33985
14484
7790
80522
55850
41466
46314
82567
84811
56613
39222
76047
78062
19499
74754
22709
6949
8946
19808
26024
34913
23736
26157
78728
60573
6218
42577
65109
51943
78870
85470
64728
98187
49923
4163
1537
64139
22237
73291
3592
68770
99264
81810
44502
28031
58891
34578
23968
69943
97208
71885
42988
56282
98454
21797
10248
88328
29063
19948
49631
98890
81206
30623
5940
71143
74495
77861
28138
15335
73216
58570
84712
35656
16215
57254
35649
41926
81655
50697
1682
71641
18608
95166
54736
6985
42482
8445
99733
28126
93915
13210
35076
2289
23659
4703
87565
68641
75869
73360
53536
81031
6439
8632
96727
38637
87173
7331
40066
41199
86148
68323
6672
78366
18266
77991
80281
86040
75887
98956
28661
66049
78128
11
21420
60006
23493
82422
11996
11512
69690
67009
66057
8295
97161
20651
65201
9975
98439
16098
19812
35150
68379
58534
41979
25592
6537
56710
84024
45669
24422
1524
92755
76914
44698
87488
2902
6427
87212
36721
15144
4750
95336
28554
71509
19138
2266
98378
81205
97615
12789
70305
87602
59788
79143
93511
97670
19593
58033
95829
53468
66783
98399
66328
87090
68166
74254
89143
63597
9673
17748
58774
22764
61718
954
15061
39815
39825
87026
22841
23326
8160
75505
86410
32879
54117
13923
32966
97771
51187
89818
83309
48395
91384
83253
48361
6352
29007
41465
3343
44884
13123
34780
71532
79866
54016
47541
25883
58833
64082
53696
57845
32568
35191
72503
45308
91279
11989
33449
32972
54243
41288
91373
12409
19855
34440
10378
31380
78465
52594
8708
10808
98360
83682
77957
10202
73380
3973
6543
78863
6576
88040
74134
33689
97492
31973
50741
13203
18880
37945
57083
94364
95558
8492
49101
3596
21751
22371
51676
45426
43638
16160
47419
6239
55373
42888
59485
48886
57235
62300
71929
87305
5445
54586
26396
66203
67155
57683
14918
87883
83700
97175
12500
40519
95512
14345
15250
89868
34581
74360
88452
51009
52297
61118
35225
90416
40620
67895
78316
54604
72489
1854
55968
56580
66017
69778
88919
40972
82097
82898
36442
64068
7452
63794
61727
46463
3660
6899
10727
41028
27637
69618
14305
82876
73849
20919
35007
44327
19361
35980
25583
99261
79367
60314
15394
81845
41207
55920
74503
25734
25427
74279
7770
51684
37917
24384
43556
88504
99392
88763
86756
33720
57167
37288
26966
2870
87549
73093
82732
45097
34770
44591
21610
46116
57315
37182
84701
47139
48400
79882
5255
47740
32397
84994
15600
53359
61847
62622
44958
49464
77364
46504
44936
30598
49225
91863
42093
42078
33347
12523
94297
68114
73189
29406
90964
80836
52668
61654
94369
735
39683
96417
40104
19510
83507
39015
1323
72174
21688
73607
41024
24927
28135
33267
67734
88267
99655
91013
96892
65452
95090
42622
13791
35876
85586
37142
74551
2990
94030
34764
691
192
68253
44223
9780
80947
6399
25426
47092
10209
90539
69920
20390
59741
71499
69369
39979
39922
61672
2697
81182
61655
64763
28917
5646
97062
82626
4227
33924
46365
64465
98333
78144
86924
72915
40832
56674
83912
23486
86787
81867
74229
43920
86682
74914
25169
22231
54051
64378
16216
97163
34629
41318
91332
53583
39037
35429
39336
38576
12719
98321
2172
91502
726
45745
92206
91776
33467
86826
30667
12694
56067
16436
74886
20831
6952
17734
78081
54004
80477
74830
28575
39850
17708
49202
29835
57014
86813
33340
33878
5402
17338
45335
10766
88466
79695
82727
43194
40937
82708
33394
88765
67225
33710
3521
41095
18193
66433
70501
46631
21302
57349
85333
58100
37890
69746
62322
73793
51525
15909
35191
4963
127
52947
25265
95357
10732
5669
86420
41137
24225
74541
37143
71296
47083
86065
61350
6139
14186
8107
11642
90582
16311
86710
12576
48053
32006
87236
72877
18720
17372
8933
91669
25028
47516
28430
88638
14277
8445
8165
30363
12523
80014
29363
22405
46761
20205
14036
11017
51825
8396
56183
59607
43418
4266
44610
88652
13418
40371
77212
63350
23496
32793
67700
23765
15291
82873
12114
23780
18652
97428
47072
97695
6020
77744
99119
10567
86948
64304
65816
27848
17970
76219
21051
10324
61189
49327
48251
20762
2905
39779
75219
73907
31233
44816
6866
79731
12314
5598
7113
63889
8090
90256
92365
54397
61324
58488
53586
65674
5147
34043
1703
49114
74555
49364
45380
47278
11741
57375
62576
65964
34621
91353
20874
78874
22209
73165
66462
61205
70877
19388
98254
81350
57190
1926
19757
27714
83854
66655
49000
2701
95742
82578
15614
68863
38075
26105
99352
81869
99436
59589
67989
54939
43023
41149
29267
16737
69382
13491
32188
88159
92027
92381
94798
85760
35789
20354
91925
72628
29607
17666
63425
45087
8374
59874
70223
52044
75738
52011
40799
96105
73814
84593
61770
11288
51399
43314
38327
16040
72660
3019
58332
70362
34466
60842
10674
3360
87780
29855
33073
17720
34180
26723
52262
81770
96165
22902
46564
83149
70927
77224
40999
17370
72693
36084
14345
7434
30611
83510
34360
92476
82028
75884
99969
26587
59334
93063
10621
47533
49200
66862
64264
45883
18937
23078
61924
47090
32330
80000
15123
28497
96750
55178
45114
95436
62020
40962
97670
98383
46497
3240
72750
4270
95496
40598
35693
58296
26755
25675
22435
3101
12280
99032
33949
4064
12960
95117
98433
49615
74160
67256
75104
50611
68386
5862
95726
26849
30770
4533
64568
18372
95394
12238
1035
45959
94112
59993
50387
78339
87386
3627
20335
6655
57564
12022
16216
97719
21229
41049
82476
66903
42529
48054
24222
79242
28136
22138
35885
89633
44873
8843
27526
22221
61108
4063
7707
42
97996
87990
9953
52967
44730
20093
62229
70533
46921
68449
93047
56363
89646
98007
5620
89722
22058
97665
75843
47339
88017
21794
17822
71973
24108
60754
33466
78542
76102
98114
45547
53501
4314
16174
99723
33239
31096
29508
22173
22435
85825
53689
32321
59687
29091
79522
99988
46866
3223
37804
163
63443
28220
60369
12025
76202
70168
37980
28858
83976
86628
83688
94432
48807
22902
39546
52049
73472
98285
72381
58626
92550
75491
53408
61514
34327
89473
58135
42881
44586
60767
86600
75319
38297
97951
82104
25280
43946
4148
23521
63072
93117
650
38198
35808
2137
59258
83514
36785
89546
27473
26515
48582
30843
79179
7613
87953
74813
98855
77698
86729
12032
95099
84273
23208
27
8368
56135
50857
40798
14266
8102
69323
74763
9308
65510
91900
37293
17600
59376
75070
5959
21349
53336
17113
34252
38018
44476
59118
90337
94152
50468
45091
26451
36793
51039
98018
16377
14990
35780
93770
3122
32657
95988
75279
19370
57193
73819
21534
13669
15714
50660
57213
39478
2628
80770
90683
41762
67159
88957
62009
63893
97018
60521
46647
63799
63012
42872
37970
58269
67492
75522
22302
81820
65607
71948
73303
25362
78058
97743
77059
64199
22941
45449
74622
43491
93255
5612
23823
56024
60357
56256
49219
26033
73772
29877
6105
72136
49341
11480
56359
14321
35849
63265
46177
40193
28357
75394
73872
30680
7466
65321
63705
69417
11897
97811
40951
51569
85899
3155
70544
57399
19049
81947
97913
11236
26303
96270
8048
35730
65842
1166
76022
66578
41383
62738
28350
59677
99272
34429
15134
17861
31741
93143
48557
95037
92552
79803
14135
75961
88927
54537
86238
46186
40936
98961
95273
53902
65352
34941
13889
32088
67345
38142
64839
6300
89299
97127
28033
49160
69460
81274
52297
51469
88021
52682
25657
25906
33390
2876
18684
46501
82134
32087
46803
11305
14928
29836
25641
42423
67466
74448
94325
64330
20539
83047
50516
93599
28304
42256
5737
95425
51769
64976
6501
7652
2239
34768
58165
88254
73303
69366
20512
62476
16256
67389
49954
35258
91339
53533
91373
59463
71486
85610
81694
95012
86950
87968
30929
4974
2166
32058
97603
91135
97140
23260
94732
17157
25585
39151
9065
80160
71671
37388
69120
98101
53936
31849
48073
53151
33092
15257
2260
74771
50884
46275
23939
66160
83282
11489
20702
14272
3839
53191
86088
41244
71763
29377
65337
92997
72658
32796
9673
52187
44467
11212
87792
34097
16489
83594
41075
55101
39894
77779
71882
86909
29798
22832
40250
50865
99322
28572
33876
14096
18449
94794
76321
18480
51301
27876
26337
24558
66513
55077
80494
295
5584
50073
30303
39672
58483
89842
49670
99689
70415
65602
74378
26060
81309
99180
11446
48931
89127
14471
93675
44085
98921
95578
33738
49674
34891
69311
82797
88614
57256
16516
88589
84817
97285
71586
81324
79726
92529
578
92382
9479
78903
34188
43681
52847
20415
50261
37171
52121
16430
77407
35431
52041
61402
36408
1374
10007
16334
80630
4780
89172
7044
61056
42432
53898
77013
89561
28775
9723
17856
31720
56402
88549
22090
84195
65183
64733
51896
80891
29258
84631
32140
30675
72184
79850
81085
36548
23415
60877
70211
71316
63391
11899
95799
3209
2435
17847
91756
89784
75834
30855
21485
27448
34265
84710
21004
46883
29950
77208
71226
36642
58112
35443
51371
20150
57032
76369
88872
62582
72813
40465
66146
67899
39512
46540
68330
44503
92750
18880
81760
47336
72977
62112
5057
98404
63145
4691
96411
87475
58845
34201
6597
46207
89651
33569
13203
27947
60529
75648
46177
26066
28975
29173
16971
35369
64709
53586
87937
87726
16379
76502
54134
11070
95448
23889
63665
96001
30386
52967
57006
52340
79959
1396
3737
38611
33868
19938
78248
5942
33337
40382
83975
17102
72703
55694
18360
43803
45140
69689
33695
9559
16755
8685
71095
82344
80068
95528
50759
65761
69905
17203
97561
7561
18642
93837
46107
27579
25436
78361
1500
44770
75338
81994
54389
75998
92527
37031
38367
39754
5529
19861
50860
60698
19272
47446
35585
71274
30301
21393
58543
38341
69179
12486
36037
16134
42821
76414
98461
78867
9586
90782
18367
66780
68188
88926
34221
34761
54297
95098
89818
43037
57161
11005
60232
50043
66343
36863
88290
71196
58252
74833
97278
4043
19817
63160
75591
62851
45956
38254
33176
16113
38571
59501
30168
14748
1494
84080
92511
30347
13225
824
16977
35203
31576
15506
