11
12
21
27
42
53
61
89
98
99
106
114
126
127
127
129
153
163
184
192
200
214
252
252
257
274
275
277
295
311
315
320
324
328
344
349
351
353
359
366
370
371
388
409
419
425
428
448
469
480
534
537
546
548
572
576
578
586
600
604
607
608
609
610
636
644
650
659
665
691
697
709
715
726
728
734
735
760
772
779
795
824
829
840
854
857
877
878
901
908
916
923
924
950
954
977
980
1010
1025
1035
1080
1081
1089
1095
1109
1113
1114
1115
1132
1143
1158
1166
1180
1189
1190
1208
1221
1239
1268
1273
1273
1288
1293
1323
1325
1332
1339
1346
1373
1374
1378
1388
1395
1396
1412
1431
1447
1455
1456
1485
1494
1496
1500
1524
1528
1534
1537
1558
1577
1585
1604
1608
1613
1626
1640
1655
1655
1666
1679
1682
1684
1703
1720
1722
1740
1767
1776
1787
1800
1817
1847
1854
1872
1874
1889
1892
1902
1912
1922
1926
1937
1952
1998
2002
2031
2041
2042
2045
2061
2067
2072
2111
2119
2124
2128
2137
2143
2144
2144
2151
2166
2166
2166
2172
2185
2192
2197
2230
2239
2250
2260
2261
2266
2277
2289
2292
2293
2294
2329
2340
2341
2349
2372
2378
2407
2416
2435
2461
2466
2470
2470
2473
2475
2479
2482
2503
2527
2539
2561
2574
2574
2579
2583
2594
2600
2604
2626
2626
2628
2629
2661
2666
2670
2692
2697
2701
2717
2721
2722
2734
2735
2740
2758
2758
2768
2772
2773
2789
2804
2804
2809
2847
2855
2861
2870
2874
2876
2884
2885
2894
2899
2901
2902
2905
2931
2957
2967
2983
2990
2990
2996
2999
3019
3040
3050
3058
3062
3065
3065
3084
3101
3106
3109
3122
3131
3143
3144
3146
3147
3150
3155
3156
3160
3172
3177
3179
3183
3187
3209
3217
3223
3239
3240
3255
3255
3256
3285
3294
3297
3301
3322
3323
3334
3337
3341
3342
3343
3349
3360
3360
3377
3382
3386
3389
3394
3395
3429
3442
3455
3460
3487
3491
3495
3497
3509
3521
3566
3581
3592
3592
3595
3596
3599
3599
3610
3613
3627
3654
3660
3672
3697
3699
3714
3718
3732
3737
3740
3743
3771
3775
3782
3797
3818
3839
3845
3849
3872
3879
3879
3893
3894
3899
3913
3941
3944
3951
3953
3953
3956
3960
3960
3973
3978
3984
3990
3992
4016
4021
4034
4043
4063
4063
4064
4078
4095
4098
4102
4104
4112
4131
4142
4148
4151
4159
4163
4164
4177
4184
4200
4213
4222
4227
4233
4233
4247
4250
4266
4270
4303
4314
4316
4332
4357
4371
4373
4403
4408
4413
4414
4419
4421
4424
4452
4458
4459
4488
4495
4507
4516
4517
4527
4533
4566
4578
4592
4596
4602
4627
4627
4628
4636
4639
4642
4659
4661
4668
4670
4678
4681
4691
4697
4703
4708
4719
4732
4750
4759
4767
4780
4801
4806
4826
4834
4839
4844
4845
4848
4863
4875
4879
4891
4919
4963
4974
5029
5038
5052
5057
5075
5112
5112
5136
5147
5156
5166
5171
5171
5186
5193
5208
5226
5242
5246
5255
5259
5285
5286
5309
5342
5358
5360
5367
5386
5402
5407
5413
5415
5416
5418
5419
5419
5445
5464
5479
5480
5490
5494
5504
5513
5513
5517
5528
5529
5540
5549
5559
5562
5584
5588
5595
5598
5606
5612
5620
5646
5654
5669
5679
5687
5693
5711
5730
5737
5744
5756
5756
5763
5769
5797
5819
5840
5849
5859
5862
5926
5932
5937
5937
5940
5942
5948
5949
5954
5959
5968
5983
5998
6000
6010
6020
6027
6034
6038
6039
6046
6051
6058
6059
6100
6105
6118
6124
6125
6139
6139
6146
6147
6157
6165
6170
6182
6195
6199
6199
6205
6208
6218
6239
6261
6264
6273
6277
6282
6288
6297
6300
6304
6351
6352
6382
6389
6399
6416
6427
6439
6439
6448
6451
6460
6477
6499
6501
6507
6515
6528
6536
6537
6540
6543
6573
6576
6577
6584
6588
6597
6598
6620
6620
6633
6635
6641
6648
6655
6655
6662
6663
6672
6691
6705
6705
6712
6713
6716
6720
6729
6759
6785
6801
6813
6820
6844
6844
6866
6892
6896
6899
6903
6922
6935
6949
6951
6952
6957
6964
6976
6985
6996
6996
7009
7011
7011
7018
7044
7053
7073
7075
7080
7088
7109
7110
7112
7113
7176
7199
7202
7203
7212
7238
7263
7276
7300
7322
7327
7331
7339
7346
7368
7371
7386
7408
7415
7416
7421
7427
7434
7452
7466
7475
7476
7484
7493
7496
7514
7518
7521
7529
7533
7537
7539
7540
7543
7561
7589
7592
7596
7601
7601
7609
7613
7614
7623
7627
7641
7652
7674
7696
7704
7707
7717
7723
7723
7736
7752
7756
7762
7770
7786
7788
7790
7797
7799
7812
7823
7828
7833
7837
7857
7860
7861
7869
7881
7884
7896
7907
7913
7951
7962
7967
7981
7983
7995
8005
8035
8048
8058
8058
8079
8090
8090
8102
8104
8107
8112
8115
8125
8138
8146
8152
8154
8156
8160
8165
8165
8172
8186
8189
8196
8213
8230
8242
8252
8252
8253
8259
8265
8277
8282
8295
8311
8311
8317
8343
8368
8368
8374
8377
8378
8385
8392
8396
8401
8411
8412
8420
8420
8442
8445
8445
8454
8480
8492
8494
8497
8515
8526
8529
8553
8568
8574
8583
8584
8587
8587
8600
8601
8613
8616
8620
8630
8632
8640
8664
8664
8672
8685
8691
8692
8708
8709
8719
8727
8731
8741
8778
8781
8791
8797
8802
8804
8824
8826
8843
8855
8858
8861
8863
8864
8870
8879
8894
8917
8922
8933
8946
8958
8968
9065
9068
9090
9105
9135
9144
9146
9174
9178
9180
9200
9200
9203
9203
9204
9209
9233
9247
9284
9285
9289
9295
9304
9308
9318
9327
9328
9336
9345
9366
9378
9399
9411
9421
9428
9434
9437
9450
9461
9479
9497
9503
9509
9510
9529
9540
9548
9555
9559
9560
9576
9578
9586
9595
9601
9614
9614
9622
9646
9673
9673
9707
9723
9731
9752
9757
9768
9772
9780
9788
9791
9798
9799
9804
9815
9819
9836
9849
9903
9908
9912
9914
9919
9921
9940
9941
9953
9959
9974
9975
9979
9985
10005
10007
10016
10029
10058
10065
10067
10072
10079
10094
10108
10121
10123
10127
10132
10133
10194
10202
10205
10209
10211
10218
10240
10245
10248
10255
10266
10269
10272
10298
10300
10308
10315
10319
10321
10324
10328
10340
10354
10369
10370
10376
10378
10391
10424
10437
10441
10445
10458
10477
10506
10508
10512
10522
10529
10544
10548
10554
10565
10567
10609
10621
10624
10663
10674
10695
10727
10732
10744
10757
10766
10781
10784
10808
10809
10832
10834
10840
10861
10870
10896
10926
10932
10946
10947
10985
11005
11013
11017
11027
11041
11046
11047
11053
11058
11070
11083
11090
11096
11122
11133
11134
11143
11156
11168
11168
11169
11195
11202
11212
11216
11218
11228
11232
11236
11259
11262
11262
11280
11288
11288
11289
11290
11305
11310
11313
11322
11332
11336
11342
11342
11344
11362
11414
11427
11432
11438
11446
11450
11453
11455
11456
11457
11480
11489
11512
11516
11521
11534
11536
11541
11607
11616
11622
11642
11673
11686
11699
11705
11716
11733
11737
11741
11741
11756
11776
11793
11868
11880
11897
11899
11900
11916
11925
11945
11961
11961
11989
11996
12002
12022
12025
12032
12036
12041
12045
12057
12068
12099
12114
12119
12130
12136
12137
12137
12137
12155
12160
12163
12170
12185
12216
12218
12222
12229
12235
12237
12238
12240
12241
12250
12280
12289
12290
12295
12298
12303
12311
12314
12317
12347
12354
12372
12377
12386
12395
12403
12409
12431
12432
12445
12454
12479
12483
12486
12500
12513
12516
12523
12523
12524
12553
12558
12576
12602
12602
12621
12624
12634
12640
12652
12672
12683
12684
12694
12700
12719
12726
12766
12775
12780
12788
12789
12809
12834
12847
12871
12893
12907
12911
12928
12960
12980
12990
13015
13015
13035
13064
13067
13080
13112
13123
13166
13175
13203
13203
13208
13210
13210
13218
13225
13249
13261
13278
13279
13281
13286
13287
13294
13303
13318
13319
13321
13331
13345
13349
13364
13383
13401
13410
13411
13418
13421
13427
13456
13456
13490
13491
13503
13507
13508
13523
13557
13563
13570
13592
13600
13641
13651
13654
13656
13668
13669
13685
13695
13700
13705
13757
13761
13762
13772
13774
13783
13791
13822
13843
13846
13873
13876
13889
13890
13901
13905
13923
13951
13962
13973
13977
13996
14004
14036
14051
14057
14059
14059
14060
14089
14094
14096
14098
14111
14125
14128
14129
14135
14136
14144
14152
14153
14153
14164
14186
14192
14192
14217
14266
14272
14277
14281
14289
14305
14315
14316
14321
14335
14345
14345
14358
14360
14368
14406
14415
14449
14457
14459
14467
14467
14471
14484
14500
14523
14535
14554
14555
14555
14558
14561
14594
14602
14605
14613
14615
14616
14618
14624
14640
14642
14661
14667
14669
14683
14734
14736
14740
14745
14748
14761
14765
14787
14802
14822
14840
14852
14877
14882
14909
14918
14925
14928
14934
14935
14969
14976
14990
14992
14993
15005
15013
15022
15034
15041
15046
15052
15060
15060
15061
15070
15076
15084
15092
15094
15104
15117
15123
15134
15144
15175
15196
15198
15206
15249
15250
15253
15257
15259
15277
15278
15285
15291
15294
15296
15332
15335
15344
15345
15367
15383
15394
15409
15420
15430
15432
15446
15447
15451
15454
15455
15455
15459
15484
15506
15516
15522
15522
15536
15542
15543
15545
15545
15557
15577
15599
15600
15609
15611
15614
15621
15626
15637
15639
15657
15663
15670
15671
15678
15681
15714
15733
15736
15739
15756
15769
15781
15785
15787
15791
15805
15836
15837
15843
15854
15856
15879
15891
15909
15911
15926
15940
15962
15969
15984
15994
15994
16009
16018
16022
16034
16040
16060
16062
16067
16070
16070
16088
16098
16100
16101
16102
16108
16113
16119
16126
16134
16137
16153
16160
16163
16173
16174
16180
16194
16197
16215
16216
16216
16218
16220
16241
16256
16259
16261
16282
16292
16300
16305
16307
16311
16315
16328
16334
16344
16360
16371
16377
16377
16378
16379
16404
16404
16405
16411
16419
16430
16436
16437
16462
16470
16486
16489
16492
16497
16513
16516
16525
16540
16541
16554
16562
16567
16567
16578
16586
16598
16599
16604
16621
16639
16663
16670
16676
16676
16706
16713
16737
16743
16754
16755
16775
16777
16778
16779
16822
16826
16830
16839
16839
16846
16858
16872
16872
16875
16909
16938
16950
16962
16964
16964
16971
16972
16977
16996
17007
17013
17025
17038
17048
17073
17082
17087
17092
17102
17107
17113
17126
17130
17136
17138
17157
17174
17180
17190
17203
17206
17207
17224
17243
17272
17276
17295
17298
17303
17327
17338
17341
17342
17343
17351
17367
17370
17372
17375
17389
17392
17399
17407
17409
17420
17432
17439
17440
17444
17472
17478
17486
17495
17501
17501
17507
17510
17511
17513
17526
17530
17550
17558
17563
17564
17576
17584
17591
17593
17600
17604
17612
17623
17627
17628
17641
17650
17657
17666
17686
17690
17702
17705
17708
17715
17720
17723
17727
17734
17744
17748
17754
17796
17807
17811
17811
17819
17820
17822
17843
17847
17855
17855
17856
17861
17870
17894
17920
17925
17945
17945
17947
17951
17970
17974
17977
18028
18033
18046
18047
18051
18058
18061
18070
18075
18108
18110
18110
18113
18146
18151
18153
18162
18168
18190
18193
18205
18216
18231
18237
18240
18266
18270
18272
18309
18318
18323
18348
18349
18350
18352
18355
18360
18367
18372
18372
18403
18404
18404
18413
18414
18417
18434
18436
18449
18449
18455
18456
18480
18508
18529
18539
18553
18559
18599
18608
18612
18624
18628
18631
18631
18641
18642
18652
18658
18675
18678
18681
18684
18708
18708
18710
18719
18720
18732
18739
18764
18769
18775
18776
18780
18822
18823
18823
18825
18828
18833
18842
18844
18846
18851
18854
18858
18866
18875
18880
18880
18881
18888
18896
18898
18899
18920
18920
18926
18935
18937
18942
18949
18958
18962
18982
18988
18992
19001
19002
19011
19021
19042
19049
19049
19092
19115
19121
19124
19138
19158
19170
19176
19187
19192
19192
19206
19217
19219
19227
19241
19249
19267
19272
19305
19306
19314
19324
19334
19342
19346
19350
19353
19358
19361
19369
19369
19370
19378
19388
19400
19425
19426
19433
19455
19461
19482
19484
19499
19508
19510
19513
19519
19526
19531
19531
19549
19551
19552
19571
19575
19588
19593
19609
19650
19652
19653
19657
19668
19670
19681
19689
19712
19719
19719
19729
19737
19739
19745
19757
19771
19777
19793
19808
19812
19817
19828
19829
19850
19855
19861
19862
19872
19876
19877
19897
19901
19912
19916
19924
19938
19939
19944
19948
19951
19956
19978
19998
19998
20000
20002
20004
20006
20024
20033
20046
20084
20093
20096
20104
20111
20134
20137
20150
20183
20199
20200
20202
20205
20209
20215
20222
20223
20224
20242
20260
20269
20300
20306
20308
20335
20340
20343
20354
20358
20369
20370
20385
20390
20404
20405
20413
20415
20449
20468
20470
20501
20512
20522
20523
20531
20539
20563
20583
20604
20609
20612
20629
20642
20651
20653
20668
20676
20702
20710
20712
20723
20728
20732
20737
20748
20754
20758
20762
20775
20782
20783
20784
20784
20794
20808
20816
20823
20831
20838
20845
20853
20867
20869
20874
20888
20895
20899
20903
20910
20914
20919
20927
20959
20979
21004
21019
21026
21045
21048
21051
21087
21108
21113
21129
21135
21138
21144
21144
21144
21153
21164
21165
21168
21188
21211
21216
21220
21228
21229
21232
21252
21254
21293
21302
21309
21316
21327
21328
21338
21349
21355
21359
21386
21393
21406
21413
21415
21420
21422
21426
21434
21445
21455
21458
21463
21469
21485
21500
21515
21520
21534
21534
21536
21537
21556
21565
21610
21619
21623
21636
21678
21688
21693
21704
21730
21731
21748
21749
21751
21752
21754
21764
21773
21780
21794
21797
21797
21802
21808
21809
21812
21813
21844
21851
21855
21875
21879
21885
21903
21911
21920
21941
21944
21948
21967
21974
21978
21980
21995
22005
22013
22016
22026
22035
22038
22042
22043
22058
22079
22090
22111
22114
22127
22131
22138
22150
22152
22159
22168
22173
22173
22196
22198
22209
22210
22221
22225
22230
22231
22237
22238
22275
22278
22302
22312
22325
22326
22371
22373
22377
22399
22405
22406
22411
22415
22421
22428
22435
22435
22470
22478
22479
22482
22490
22499
22500
22539
22558
22571
22589
22599
22607
22609
22613
22639
22646
22663
22670
22674
22680
22683
22695
22709
22716
22731
22735
22736
22753
22764
22773
22781
22787
22792
22817
22832
22837
22840
22841
22850
22865
22873
22901
22902
22902
22904
22916
22926
22936
22941
22945
22963
22967
22970
22974
22976
22978
22984
22996
23010
23019
23027
23027
23029
23078
23081
23087
23094
23096
23136
23139
23140
23140
23148
23184
23192
23201
23208
23225
23227
23240
23248
23260
23264
23273
23282
23286
23288
23317
23320
23326
23328
23332
23338
23339
23340
23340
23354
23360
23364
23377
23377
23386
23390
23392
23403
23411
23415
23422
23429
23435
23438
23443
23453
23459
23486
23487
23493
23496
23496
23519
23521
23529
23546
23559
23559
23578
23580
23625
23637
23638
23647
23657
23659
23662
23678
23701
23704
23706
23707
23713
23714
23733
23736
23740
23740
23765
23769
23780
23794
23806
23811
23823
23825
23833
23834
23889
23893
23897
23910
23935
23936
23939
23944
23951
23965
23965
23968
23985
23990
24008
24011
24015
24020
24034
24054
24059
24065
24071
24090
24092
24093
24098
24108
24122
24123
24142
24160
24183
24197
24219
24222
24225
24230
24231
24258
24271
24293
24301
24302
24341
24369
24384
24384
24390
24408
24418
24419
24422
24425
24432
24438
24450
24458
24468
24469
24477
24479
24482
24483
24492
24515
24546
24558
24562
24586
24586
24619
24629
24645
24647
24653
24672
24673
24681
24719
24719
24728
24803
24804
24805
24822
24832
24834
24842
24879
24882
24887
24891
24896
24913
24914
24917
24927
24946
24978
25009
25014
25021
25028
25043
25065
25076
25082
25083
25089
25106
25115
25129
25147
25165
25169
25180
25195
25202
25206
25213
25241
25243
25247
25247
25253
25257
25259
25265
25274
25280
25302
25303
25316
25338
25346
25353
25362
25377
25392
25393
25399
25408
25411
25420
25426
25427
25435
25436
25439
25470
25561
25567
25583
25585
25589
25592
25593
25597
25615
25619
25626
25632
25641
25650
25650
25653
25656
25657
25663
25669
25675
25676
25679
25683
25687
25700
25701
25714
25722
25734
25760
25786
25787
25787
25817
25826
25860
25861
25873
25883
25884
25889
25891
25906
25923
25949
25949
25955
25968
25971
25971
25976
25986
25988
25996
26005
26012
26019
26024
26033
26060
26060
26066
26078
26079
26090
26105
26107
26118
26129
26129
26134
26139
26151
26153
26157
26182
26190
26205
26219
26238
26239
26246
26252
26255
26289
26292
26303
26303
26327
26337
26340
26347
26357
26396
26406
26410
26433
26436
26444
26447
26447
26451
26453
26455
26473
26481
26495
26512
26515
26519
26547
26554
26587
26596
26602
26604
26606
26609
26621
26624
26637
26639
26645
26649
26662
26667
26677
26714
26723
26728
26733
26755
26755
26760
26786
26799
26810
26834
26836
26839
26848
26849
26860
26871
26872
26888
26899
26918
26922
26938
26957
26958
26961
26962
26966
26969
26984
26995
26997
27012
27029
27032
27034
27046
27055
27081
27084
27092
27111
27121
27146
27152
27165
27180
27208
27228
27255
27257
27272
27272
27301
27324
27340
27350
27357
27364
27370
27384
27405
27416
27419
27427
27437
27444
27447
27448
27448
27457
27473
27485
27495
27507
27510
27517
27522
27526
27533
27543
27546
27553
27555
27556
27577
27579
27593
27604
27605
27616
27619
27630
27637
27649
27671
27680
27684
27693
27702
27713
27714
27721
27737
27738
27762
27784
27788
27792
27809
27829
27843
27848
27876
27876
27880
27882
27891
27891
27895
27897
27898
27917
27923
27932
27932
27947
27951
27965
27966
27980
27993
28003
28031
28033
28033
28034
28052
28086
28088
28092
28101
28109
28126
28132
28135
28136
28138
28138
28154
28169
28191
28209
28220
28226
28235
28268
28272
28278
28281
28295
28298
28304
28317
28322
28325
28344
28350
28357
28372
28379
28382
28407
28412
28425
28430
28436
28472
28478
28486
28490
28493
28497
28501
28517
28529
28533
28533
28547
28550
28554
28572
28575
28583
28605
28634
28649
28656
28661
28666
28674
28679
28696
28706
28713
28738
28750
28765
28775
28775
28785
28791
28806
28817
28819
28832
28833
28843
28844
28858
28887
28891
28903
28917
28917
28932
28934
28945
28956
28968
28975
28981
28981
29002
29005
29007
29018
29024
29028
29037
29053
29063
29065
29091
29091
29093
29100
29103
29106
29140
29150
29155
29160
29161
29173
29175
29197
29210
29216
29226
29245
29258
29267
29272
29290
29292
29303
29304
29338
29347
29349
29357
29358
29363
29377
29378
29406
29422
29438
29508
29527
29529
29540
29564
29580
29586
29607
29612
29612
29621
29631
29640
29642
29656
29686
29690
29729
29774
29783
29795
29798
29810
29823
29835
29836
29838
29855
29858
29859
29877
29880
29900
29901
29923
29926
29932
29950
29973
29981
29985
29995
30007
30015
30021
30022
30043
30058
30061
30077
30095
30108
30114
30122
30126
30128
30133
30167
30168
30222
30224
30243
30251
30254
30260
30263
30271
30273
30299
30301
30303
30311
30335
30336
30338
30340
30347
30348
30348
30359
30361
30362
30363
30386
30398
30404
30413
30433
30433
30460
30468
30477
30477
30493
30494
30495
30506
30507
30511
30535
30552
30557
30567
30591
30598
30611
30612
30623
30667
30672
30675
30680
30689
30695
30696
30698
30699
30702
30709
30715
30731
30735
30754
30756
30763
30770
30773
30777
30779
30802
30807
30809
30840
30843
30852
30852
30854
30855
30867
30871
30881
30894
30929
30934
30939
30950
30958
30986
30991
30991
30994
31001
31008
31016
31017
31036
31040
31050
31081
31083
31083
31093
31096
31108
31112
31130
31162
31171
31224
31230
31233
31234
31235
31246
31263
31287
31312
31314
31323
31329
31339
31361
31380
31395
31402
31403
31442
31491
31493
31502
31541
31546
31553
31554
31565
31576
31587
31592
31603
31624
31643
31652
31664
31673
31682
31705
31705
31712
31715
31720
31741
31746
31747
31750
31751
31773
31776
31777
31785
31790
31826
31848
31849
31853
31876
31896
31924
31943
31959
31973
31974
31993
31993
32005
32006
32017
32035
32043
32052
32056
32058
32080
32087
32088
32103
32103
32114
32120
32136
32140
32155
32157
32157
32185
32185
32188
32196
32226
32230
32239
32240
32260
32261
32278
32296
32317
32321
32330
32337
32353
32369
32382
32391
32397
32405
32413
32429
32446
32455
32495
32512
32520
32523
32568
32586
32592
32606
32634
32638
32640
32649
32657
32675
32696
32707
32717
32720
32737
32739
32749
32752
32777
32787
32793
32794
32796
32825
32854
32868
32879
32966
32972
32988
32999
33009
33039
33056
33070
33073
33077
33092
33126
33128
33151
33151
33169
33176
33179
33179
33205
33210
33217
33231
33238
33239
33250
33255
33258
33267
33268
33270
33288
33292
33337
33340
33342
33347
33352
33376
33387
33390
33394
33399
33407
33424
33430
33442
33449
33462
33466
33467
33487
33488
33509
33514
33524
33540
33544
33546
33546
33551
33569
33578
33583
33612
33617
33633
33649
33659
33676
33689
33690
33695
33709
33710
33720
33732
33733
33734
33738
33745
33763
33768
33770
33770
33778
33820
33827
33836
33854
33867
33868
33876
33878
33886
33902
33924
33932
33940
33949
33956
33958
33962
33979
33985
34011
34016
34043
34043
34059
34096
34097
34111
34141
34174
34180
34185
34185
34188
34201
34214
34215
34216
34221
34233
34235
34235
34244
34247
34249
34252
34252
34265
34293
34293
34313
34315
34318
34327
34347
34350
34360
34378
34382
34388
34396
34412
34425
34429
34440
34458
34466
34467
34474
34476
34478
34489
34506
34520
34529
34531
34578
34578
34581
34600
34620
34621
34629
34631
34636
34668
34699
34732
34740
34743
34758
34761
34764
34768
34768
34770
34780
34781
34787
34807
34832
34847
34856
34858
34861
34869
34887
34890
34891
34892
34892
34895
34913
34921
34930
34938
34939
34941
34981
34982
34986
34992
34997
35001
35005
35007
35011
35012
35016
35024
35057
35076
35079
35084
35101
35110
35130
35150
35151
35155
35166
35168
35176
35182
35191
35191
35203
35219
35225
35228
35258
35258
35268
35268
35271
35278
35304
35307
35342
35352
35353
35359
35369
35384
35394
35398
35414
35425
35429
35431
35443
35472
35479
35481
35483
35484
35484
35497
35503
35509
35533
35541
35542
35545
35569
35584
35585
35599
35602
35607
35614
35618
35622
35625
35640
35642
35647
35649
35652
35656
35661
35673
35677
35678
35693
35700
35703
35706
35730
35730
35755
35780
35781
35783
35789
35792
35808
35814
35830
35845
35849
35850
35853
35875
35876
35883
35885
35922
35930
35934
35939
35954
35954
35962
35979
35980
35986
36019
36021
36034
36035
36037
36041
36068
36084
36091
36097
36110
36110
36116
36116
36117
36125
36157
36168
36174
36185
36202
36235
36256
36262
36270
36280
36302
36331
36342
36343
36383
36383
36384
36388
36389
36393
36400
36401
36401
36408
36412
36418
36426
36442
36446
36469
36472
36480
36480
36495
36514
36540
36548
36553
36564
36594
36595
36600
36624
36628
36629
36631
36632
36639
36640
36642
36650
36657
36689
36689
36692
36701
36721
36747
36749
36767
36785
36793
36803
36822
36834
36834
36839
36847
36849
36850
36863
36865
36881
36886
36893
36957
36963
36969
36970
36977
36981
36997
37016
37029
37031
37031
37036
37049
37070
37072
37080
37133
37135
37142
37143
37147
37152
37171
37178
37178
37182
37196
37205
37223
37242
37251
37264
37276
37288
37293
37294
37298
37305
37306
37321
37335
37343
37354
37354
37361
37377
37384
37388
37405
37410
37416
37425
37430
37435
37443
37468
37470
37477
37481
37493
37501
37501
37505
37505
37508
37513
37515
37530
37540
37552
37567
37575
37598
37601
37602
37621
37646
37656
37674
37689
37691
37709
37723
37794
37803
37804
37826
37827
37855
37862
37870
37872
37890
37896
37898
37908
37912
37917
37945
37957
37967
37970
37979
37980
37981
38014
38018
38024
38037
38040
38042
38051
38056
38056
38058
38075
38081
38086
38087
38099
38105
38116
38132
38142
38148
38160
38163
38183
38185
38188
38188
38197
38198
38203
38203
38204
38210
38232
38254
38255
38281
38295
38297
38303
38327
38341
38341
38343
38362
38367
38373
38373
38378
38391
38392
38393
38400
38444
38445
38452
38472
38482
38503
38510
38511
38511
38515
38518
38520
38527
38541
38545
38558
38558
38570
38571
38576
38582
38591
38594
38600
38611
38616
38637
38640
38652
38655
38659
38674
38685
38689
38692
38708
38723
38735
38736
38741
38747
38757
38758
38764
38775
38775
38778
38779
38782
38795
38802
38802
38816
38828
38833
38878
38879
38927
38933
38948
38949
38963
38974
38984
38986
38991
39015
39031
39036
39037
39047
39052
39083
39111
39119
39151
39157
39160
39165
39191
39209
39222
39240
39245
39281
39289
39297
39336
39344
39351
39356
39377
39387
39409
39444
39453
39460
39464
39478
39492
39507
39512
39514
39541
39546
39547
39553
39560
39566
39574
39579
39603
39610
39612
39624
39637
39654
39658
39658
39658
39659
39663
39668
39672
39683
39689
39702
39710
39719
39735
39746
39754
39756
39764
39772
39776
39779
39782
39788
39815
39818
39825
39826
39846
39850
39875
39883
39890
39894
39901
39906
39921
39922
39937
39972
39979
39988
40002
40013
40040
40041
40049
40054
40060
40065
40066
40079
40102
40104
40105
40117
40126
40143
40164
40181
40193
40207
40217
40221
40237
40237
40250
40287
40303
40309
40311
40324
40333
40337
40338
40340
40352
40352
40371
40382
40387
40413
40418
40423
40434
40439
40450
40458
40460
40465
40475
40481
40483
40486
40494
40511
40519
40523
40537
40556
40556
40571
40582
40588
40598
40600
40605
40607
40620
40630
40659
40672
40698
40699
40699
40699
40728
40740
40762
40766
40789
40789
40798
40799
40811
40817
40819
40827
40832
40840
40843
40853
40907
40914
40927
40935
40936
40936
40937
40945
40951
40956
40958
40959
40962
40963
40968
40972
40976
40980
40980
40999
41000
41001
41012
41024
41028
41036
41048
41049
41057
41058
41075
41080
41081
41084
41095
41097
41102
41107
41109
41109
41137
41138
41149
41150
41164
41165
41184
41190
41197
41199
41207
41207
41210
41238
41244
41251
41262
41264
41267
41267
41273
41288
41297
41307
41312
41318
41326
41339
41343
41346
41347
41349
41357
41365
41365
41372
41374
41375
41383
41389
41391
41424
41425
41427
41446
41465
41466
41481
41498
41512
41523
41549
41553
41558
41575
41625
41629
41630
41632
41650
41650
41650
41661
41690
41693
41702
41705
41708
41711
41712
41718
41757
41762
41763
41780
41784
41787
41787
41798
41802
41811
41812
41816
41817
41827
41833
41845
41912
41925
41926
41937
41946
41951
41979
41996
42000
42005
42014
42016
42021
42022
42023
42040
42065
42074
42078
42080
42093
42095
42104
42178
42184
42204
42210
42211
42222
42246
42256
42271
42273
42294
42329
42341
42343
42375
42386
42395
42396
42397
42423
42426
42430
42431
42432
42437
42438
42441
42446
42482
42483
42514
42514
42529
42547
42548
42558
42573
42575
42577
42580
42597
42601
42611
42622
42638
42643
42652
42667
42667
42682
42687
42746
42769
42772
42821
42821
42833
42850
42872
42881
42888
42891
42898
42901
42901
42927
42934
42954
42957
42971
42988
43014
43023
43028
43030
43037
43046
43050
43051
43077
43082
43102
43124
43129
43132
43161
43167
43185
43194
43199
43208
43213
43230
43233
43246
43270
43293
43301
43313
43314
43314
43325
43334
43339
43344
43353
43367
43378
43380
43400
43403
43418
43429
43448
43449
43453
43467
43478
43478
43491
43491
43493
43499
43511
43518
43526
43538
43538
43556
43556
43560
43581
43588
43594
43604
43634
43638
43638
43643
43643
43643
43657
43660
43679
43681
43698
43706
43708
43713
43732
43742
43747
43761
43764
43768
43782
43803
43808
43812
43816
43827
43838
43840
43864
43871
43878
43888
43920
43925
43943
43946
43955
43956
43968
43990
44001
44001
44007
44027
44039
44045
44062
44080
44085
44115
44124
44147
44151
44166
44184
44199
44199
44214
44215
44223
44224
44229
44231
44251
44254
44256
44259
44311
44314
44327
44348
44349
44358
44359
44368
44369
44370
44377
44377
44383
44386
44424
44448
44467
44476
44484
44490
44502
44503
44527
44532
44551
44552
44564
44570
44579
44579
44586
44591
44593
44596
44609
44610
44652
44665
44683
44685
44694
44696
44698
44707
44710
44713
44730
44770
44772
44793
44816
44817
44817
44824
44831
44845
44859
44873
44877
44880
44884
44899
44908
44914
44934
44936
44939
44943
44951
44954
44958
44963
44980
44987
44992
44994
45057
45059
45069
45087
45087
45091
45092
45097
45109
45114
45140
45150
45153
45157
45181
45200
45203
45248
45272
45277
45285
45292
45292
45299
45300
45308
45312
45319
45335
45335
45336
45346
45360
45370
45379
45380
45393
45399
45400
45419
45420
45426
45429
45448
45449
45456
45471
45488
45500
45508
45520
45547
45552
45601
45602
45639
45642
45664
45669
45680
45685
45692
45699
45745
45774
45783
45798
45836
45856
45856
45862
45883
45884
45891
45901
45912
45914
45915
45916
45929
45933
45933
45953
45956
45959
45970
45977
45980
45981
45981
45983
45987
45999
46013
46018
46040
46045
46074
46077
46086
46099
46100
46107
46114
46116
46141
46177
46177
46186
46206
46207
46217
46245
46261
46269
46275
46310
46314
46319
46326
46326
46336
46349
46359
46365
46393
46393
46401
46406
46413
46413
46427
46437
46458
46463
46493
46497
46501
46501
46503
46504
46511
46540
46555
46561
46561
46564
46567
46569
46570
46580
46599
46608
46608
46612
46631
46647
46652
46659
46662
46664
46704
46724
46727
46736
46745
46752
46758
46761
46761
46768
46769
46787
46795
46803
46826
46829
46833
46838
46847
46862
46862
46866
46883
46916
46921
46930
46933
46933
46972
46975
46988
46996
46997
47006
47010
47044
47045
47046
47049
47054
47056
47069
47072
47083
47089
47090
47092
47097
47101
47111
47118
47139
47140
47152
47155
47171
47182
47184
47187
47193
47209
47222
47263
47278
47289
47292
47302
47316
47321
47328
47335
47336
47339
47343
47366
47368
47368
47374
47388
47389
47419
47429
47446
47450
47472
47490
47494
47501
47516
47518
47522
47525
47525
47533
47541
47542
47545
47545
47554
47569
47579
47580
47625
47633
47639
47649
47658
47661
47679
47681
47684
47697
47721
47740
47750
47757
47791
47795
47807
47820
47849
47851
47868
47878
47878
47893
47897
47926
47942
47949
47955
47955
47963
47971
48016
48021
48024
48028
48030
48048
48053
48054
48073
48114
48128
48156
48168
48183
48196
48209
48219
48227
48229
48250
48251
48279
48285
48288
48304
48304
48321
48328
48328
48328
48343
48348
48361
48362
48366
48395
48400
48402
48403
48416
48417
48430
48430
48436
48439
48442
48455
48462
48469
48476
48530
48532
48534
48554
48557
48562
48573
48582
48592
48603
48622
48626
48673
48682
48698
48715
48721
48745
48749
48752
48759
48760
48766
48777
48788
48791
48798
48803
48807
48809
48816
48818
48825
48832
48832
48844
48853
48865
48886
48886
48888
48889
48889
48891
48915
48931
48941
48965
48971
48982
48991
48996
49000
49023
49038
49053
49077
49088
49089
49101
49114
49148
49150
49154
49160
49169
49172
49177
49193
49198
49200
49202
49203
49203
49219
49225
49234
49234
49246
49257
49257
49285
49289
49307
49327
49329
49341
49356
49364
49382
49400
49409
49423
49430
49438
49446
49464
49481
49490
49492
49495
49500
49525
49526
49528
49578
49583
49591
49613
49615
49618
49631
49632
49636
49652
49670
49674
49681
49694
49710
49728
49754
49770
49777
49798
49804
49813
49828
49830
49830
49832
49848
49854
49857
49859
49884
49903
49912
49916
49923
49935
49939
49954
49954
49967
49982
50011
50013
50018
50022
50023
50025
50037
50040
50043
50047
50059
50070
50073
50090
50096
50105
50107
50112
50137
50138
50161
50169
50173
50175
50197
50198
50201
50222
50233
50237
50238
50241
50243
50255
50261
50271
50280
50295
50296
50300
50313
50324
50347
50363
50366
50387
50389
50399
50401
50411
50422
50430
50432
50433
50452
50461
50461
50468
50488
50490
50492
50516
50529
50552
50554
50563
50567
50567
50602
50611
50616
50617
50619
50632
50637
50645
50660
50665
50669
50679
50684
50685
50689
50697
50705
50706
50730
50731
50741
50759
50779
50789
50799
50809
50818
50842
50849
50855
50857
50860
50865
50869
50871
50875
50882
50884
50896
50896
50926
50926
50944
50949
50950
50974
50979
50993
50995
51009
51012
51016
51020
51039
51058
51091
51094
51098
51119
51130
51157
51167
51168
51184
51187
51191
51194
51198
51209
51237
51285
51286
51295
51300
51301
51323
51340
51350
51351
51356
51360
51371
51382
51395
51399
51403
51408
51408
51415
51417
51433
51442
51450
51460
51469
51490
51491
51506
51525
51534
51544
51547
51554
51564
51569
51583
51630
51631
51638
51644
51651
51676
51677
51683
51684
51684
51686
51694
51701
51702
51714
51716
51736
51750
51752
51758
51769
51773
51774
51779
51816
51825
51827
51850
51863
51868
51871
51879
51882
51896
51909
51917
51934
51935
51943
51947
51957
51974
51989
51995
52002
52007
52011
52041
52044
52049
52051
52053
52054
52062
52067
52079
52081
52088
52121
52135
52135
52154
52164
52183
52187
52188
52243
52262
52282
52286
52289
52295
52296
52297
52297
52297
52300
52325
52340
52341
52353
52360
52370
52400
52426
52430
52445
52452
52471
52496
52509
52525
52544
52555
52557
52564
52575
52577
52579
52582
52594
52594
52596
52612
52617
52618
52627
52636
52641
52660
52668
52669
52674
52675
52682
52692
52706
52712
52734
52740
52767
52791
52793
52795
52802
52814
52822
52826
52828
52847
52854
52878
52908
52921
52926
52938
52944
52947
52959
52960
52967
52967
52989
52999
53004
53019
53022
53037
53046
53048
53053
53070
53070
53075
53108
53110
53111
53135
53140
53151
53172
53183
53191
53204
53208
53237
53242
53251
53253
53269
53271
53312
53312
53333
53335
53336
53344
53359
53366
53382
53385
53398
53400
53407
53408
53449
53449
53461
53465
53468
53483
53499
53501
53503
53504
53507
53533
53535
53536
53552
53562
53577
53581
53583
53586
53586
53594
53596
53596
53666
53689
53696
53700
53706
53714
53741
53747
53754
53767
53767
53770
53771
53778
53779
53783
53787
53798
53805
53845
53891
53897
53898
53898
53902
53936
53937
53949
53975
53981
54004
54005
54016
54033
54042
54046
54051
54061
54069
54091
54115
54117
54133
54134
54140
54153
54186
54194
54195
54210
54234
54243
54256
54269
54284
54290
54297
54304
54306
54312
54321
54337
54338
54343
54375
54389
54397
54400
54420
54426
54428
54432
54446
54453
54459
54460
54461
54466
54480
54494
54507
54522
54537
54551
54552
54564
54565
54567
54576
54583
54584
54586
54604
54610
54627
54631
54645
54652
54658
54660
54672
54688
54736
54738
54767
54779
54784
54811
54820
54821
54852
54863
54884
54886
54890
54939
54941
54945
54945
54947
54953
54964
54972
54996
55009
55010
55012
55015
55040
55043
55046
55051
55060
55068
55077
55080
55101
55118
55146
55153
55159
55161
55166
55169
55178
55185
55204
55209
55255
55270
55303
55319
55320
55322
55323
55335
55351
55353
55357
55373
55379
55391
55399
55399
55420
55455
55458
55463
55468
55475
55476
55477
55491
55492
55504
55511
55525
55528
55548
55564
55566
55583
55586
55593
55594
55605
55653
55685
55689
55693
55693
55694
55700
55727
55732
55732
55737
55753
55759
55761
55762
55780
55781
55783
55788
55850
55876
55889
55900
55907
55920
55957
55968
55990
56001
56012
56016
56024
56026
56026
56036
56044
56046
56062
56064
56067
56103
56119
56121
56124
56135
56145
56152
56152
56158
56183
56194
56210
56211
56223
56229
56241
56244
56256
56256
56263
56265
56280
56282
56293
56297
56306
56307
56327
56349
56359
56363
56371
56380
56393
56402
56415
56433
56443
56453
56481
56488
56501
56546
56549
56556
56565
56571
56580
56587
56595
56613
56623
56640
56643
56647
56670
56674
56702
56710
56710
56727
56730
56734
56738
56741
56756
56760
56768
56778
56800
56819
56848
56855
56856
56858
56862
56899
56961
56972
56974
57001
57005
57006
57010
57014
57022
57027
57032
57032
57035
57044
57045
57047
57068
57083
57090
57094
57095
57098
57100
57105
57115
57126
57128
57146
57147
57161
57167
57171
57188
57190
57193
57207
57213
57235
57246
57254
57256
57263
57302
57315
57326
57329
57339
57349
57354
57375
57382
57387
57399
57432
57437
57462
57498
57500
57501
57506
57512
57541
57547
57564
57577
57601
57605
57609
57627
57648
57656
57672
57679
57683
57704
57704
57707
57721
57764
57779
57845
57868
57875
57883
57906
57911
57928
57929
57930
57931
57938
57950
57978
57981
57997
58009
58023
58033
58034
58040
58044
58060
58084
58100
58112
58116
58135
58144
58165
58168
58180
58180
58181
58191
58192
58242
58252
58258
58258
58269
58278
58283
58296
58301
58305
58306
58307
58325
58332
58332
58342
58350
58368
58368
58404
58414
58414
58416
58444
58483
58487
58488
58499
58509
58534
58537
58542
58543
58554
58558
58569
58570
58626
58626
58638
58646
58670
58681
58684
58684
58688
58699
58705
58714
58723
58730
58774
58790
58794
58797
58806
58814
58818
58824
58826
58833
58839
58845
58853
58856
58891
58904
58919
58926
58941
58967
58978
58979
58979
58984
58984
58993
58994
58996
59015
59024
59025
59059
59070
59084
59086
59086
59090
59106
59108
59109
59118
59122
59122
59124
59136
59146
59151
59156
59161
59173
59193
59206
59208
59215
59216
59222
59258
59259
59304
59310
59319
59334
59334
59336
59350
59352
59358
59370
59376
59381
59386
59409
59413
59414
59428
59461
59463
59485
59487
59493
59501
59531
59535
59537
59539
59542
59563
59569
59569
59570
59574
59589
59607
59615
59630
59677
59687
59697
59714
59733
59733
59739
59740
59741
59751
59754
59788
59788
59809
59825
59828
59829
59854
59857
59864
59866
59874
59887
59892
59907
59938
59947
59955
59973
59975
59978
59981
59993
60006
60023
60029
60049
60056
60068
60077
60079
60121
60126
60131
60144
60165
60187
60208
60212
60215
60220
60221
60223
60231
60232
60272
60272
60276
60289
60291
60298
60309
60314
60326
60343
60346
60349
60354
60357
60359
60360
60365
60369
60393
60407
60412
60431
60436
60462
60474
60481
60484
60487
60493
60497
60512
60515
60521
60529
60558
60561
60563
60573
60584
60585
60615
60628
60631
60634
60651
60661
60676
60682
60690
60694
60698
60699
60704
60709
60733
60744
60754
60756
60767
60771
60804
60809
60811
60819
60829
60834
60842
60860
60866
60877
60896
60930
60935
60949
60949
60954
60958
60968
60974
61002
61012
61032
61036
61042
61046
61053
61056
61060
61069
61088
61094
61099
61104
61108
61113
61118
61129
61162
61180
61189
61199
61200
61205
61209
61212
61216
61241
61267
61276
61303
61305
61311
61316
61324
61348
61350
61365
61369
61402
61406
61410
61416
61424
61428
61430
61484
61508
61514
61540
61593
61605
61610
61626
61627
61629
61637
61646
61654
61655
61672
61674
61676
61689
61703
61718
61718
61719
61727
61734
61763
61770
61813
61826
61830
61842
61847
61857
61864
61865
61915
61915
61919
61924
61932
61933
61962
61962
61995
62009
62020
62021
62032
62037
62039
62057
62075
62108
62112
62119
62120
62127
62149
62151
62172
62175
62194
62202
62212
62218
62225
62229
62257
62259
62264
62278
62298
62300
62318
62322
62363
62368
62373
62402
62418
62419
62429
62447
62448
62476
62480
62490
62493
62508
62513
62518
62528
62550
62576
62577
62582
62592
62594
62607
62622
62633
62633
62640
62674
62676
62688
62698
62738
62747
62764
62768
62771
62777
62780
62781
62785
62792
62798
62809
62845
62846
62850
62851
62851
62860
62861
62862
62883
62885
62887
62910
62918
62939
62947
63008
63012
63012
63017
63023
63026
63028
63031
63040
63042
63072
63086
63089
63098
63099
63100
63111
63128
63134
63145
63160
63182
63187
63194
63198
63210
63210
63221
63231
63254
63257
63260
63265
63270
63286
63347
63349
63350
63352
63355
63359
63380
63391
63392
63404
63418
63425
63427
63439
63439
63443
63466
63475
63477
63479
63488
63492
63517
63517
63540
63542
63554
63595
63597
63597
63597
63607
63608
63614
63629
63665
63666
63670
63685
63701
63705
63712
63723
63731
63731
63734
63736
63794
63799
63809
63830
63852
63879
63888
63889
63893
63899
63917
63922
63925
63927
63930
63933
63969
63970
63971
63972
63979
63995
64009
64034
64039
64042
64047
64060
64063
64067
64068
64069
64076
64081
64082
64090
64094
64111
64122
64139
64142
64163
64165
64182
64189
64191
64199
64225
64227
64229
64264
64300
64304
64304
64305
64310
64317
64328
64330
64332
64338
64338
64339
64362
64362
64373
64378
64391
64402
64424
64426
64437
64452
64455
64465
64466
64477
64496
64497
64507
64524
64532
64543
64554
64563
64568
64570
64580
64591
64593
64620
64630
64634
64634
64637
64650
64669
64672
64709
64716
64728
64733
64749
64754
64757
64763
64776
64783
64797
64823
64824
64833
64839
64865
64867
64888
64902
64923
64923
64965
64965
64974
64976
65018
65025
65025
65038
65040
65063
65064
65077
65090
65090
65094
65095
65109
65119
65121
65123
65127
65146
65183
65183
65196
65201
65223
65234
65255
65255
65269
65271
65289
65290
65293
65321
65337
65345
65352
65369
65382
65394
65394
65396
65399
65416
65423
65425
65428
65440
65445
65446
65452
65469
65482
65495
65504
65510
65519
65538
65580
65584
65586
65602
65607
65615
65633
65652
65652
65662
65674
65678
65683
65694
65694
65704
65709
65717
65744
65761
65768
65772
65780
65784
65798
65816
65817
65818
65822
65826
65842
65851
65858
65870
65888
65894
65905
65913
65914
65919
65957
65960
65964
65995
66006
66017
66022
66035
66040
66047
66049
66051
66054
66056
66057
66087
66088
66093
66102
66117
66143
66146
66148
66160
66172
66180
66185
66203
66216
66218
66220
66226
66229
66230
66269
66275
66276
66305
66315
66328
66338
66343
66344
66360
66363
66369
66369
66371
66373
66375
66381
66399
66420
66420
66421
66425
66433
66448
66462
66470
66503
66510
66513
66524
66536
66541
66566
66570
66578
66579
66589
66620
66621
66650
66655
66658
66681
66689
66763
66780
66780
66783
66784
66800
66823
66832
66841
66842
66862
66879
66880
66899
66903
66918
66923
66935
66941
66948
66973
66973
66977
66986
66989
66989
66993
66996
66999
67009
67022
67026
67029
67077
67084
67097
67117
67127
67153
67155
67159
67164
67168
67174
67175
67177
67182
67225
67245
67249
67251
67253
67254
67256
67270
67286
67301
67303
67310
67314
67319
67328
67334
67345
67370
67371
67376
67389
67410
67414
67433
67436
67456
67456
67457
67466
67466
67492
67523
67542
67544
67560
67560
67561
67563
67579
67597
67632
67633
67639
67641
67655
67655
67671
67681
67682
67700
67711
67722
67733
67734
67741
67741
67761
67765
67789
67799
67805
67855
67876
67895
67899
67939
67947
67958
67960
67966
67966
67989
67994
68000
68018
68028
68060
68094
68096
68105
68111
68114
68124
68148
68152
68165
68166
68178
68188
68225
68232
68253
68253
68314
68323
68330
68331
68336
68379
68386
68387
68404
68405
68407
68441
68442
68449
68454
68476
68486
68492
68498
68528
68536
68537
68538
68544
68595
68597
68597
68603
68612
68632
68641
68648
68677
68678
68684
68698
68728
68745
68745
68770
68774
68775
68783
68783
68788
68819
68822
68847
68851
68863
68881
68892
68894
68903
68907
68959
68962
68982
68983
68998
69012
69015
69046
69071
69090
69099
69111
69120
69122
69129
69136
69162
69179
69186
69190
69191
69197
69214
69216
69217
69217
69220
69224
69224
69254
69258
69279
69280
69285
69305
69307
69311
69313
69323
69326
69341
69366
69367
69369
69376
69382
69385
69410
69413
69417
69418
69419
69437
69460
69460
69470
69483
69489
69513
69525
69529
69566
69571
69592
69618
69628
69628
69635
69640
69647
69655
69657
69689
69690
69733
69736
69742
69744
69746
69747
69758
69778
69785
69793
69793
69820
69872
69873
69884
69888
69905
69917
69920
69943
70004
70020
70023
70030
70032
70054
70070
70071
70073
70117
70120
70132
70165
70167
70168
70185
70200
70209
70211
70223
70249
70250
70261
70264
70280
70281
70298
70300
70305
70307
70309
70315
70317
70320
70320
70326
70340
70341
70351
70362
70373
70374
70375
70381
70382
70396
70397
70403
70409
70415
70438
70460
70476
70480
70496
70496
70501
70515
70529
70533
70544
70549
70559
70564
70607
70611
70615
70616
70623
70624
70625
70625
70625
70636
70643
70651
70658
70677
70703
70707
70714
70720
70738
70745
70760
70762
70764
70764
70815
70817
70857
70877
70877
70877
70890
70892
70897
70897
70908
70910
70912
70920
70922
70927
70954
70972
70975
70982
70998
71025
71041
71062
71088
71095
71134
71134
71143
71143
71144
71151
71164
71164
71166
71190
71191
71193
71196
71201
71203
71212
71212
71213
71219
71226
71228
71233
71236
71242
71274
71281
71296
71300
71303
71316
71324
71327
71327
71329
71351
71360
71368
71383
71410
71420
71453
71453
71454
71462
71481
71485
71486
71487
71499
71501
71509
71523
71532
71532
71538
71553
71559
71560
71561
71573
71586
71605
71610
71619
71633
71635
71639
71641
71654
71667
71671
71671
71681
71698
71704
71714
71719
71721
71728
71755
71762
71763
71776
71779
71800
71800
71804
71844
71854
71860
71876
71882
71885
71888
71897
71913
71929
71930
71932
71948
71958
71973
71988
71988
71992
72010
72011
72022
72026
72065
72079
72089
72093
72112
72118
72136
72139
72159
72174
72183
72183
72184
72186
72204
72209
72214
72243
72245
72279
72279
72290
72291
72303
72305
72309
72312
72323
72324
72348
72353
72377
72381
72381
72383
72388
72392
72429
72444
72451
72464
72485
72489
72497
72502
72503
72511
72524
72527
72551
72565
72569
72585
72599
72621
72628
72656
72658
72660
72693
72703
72746
72750
72750
72752
72787
72788
72793
72811
72813
72827
72831
72836
72844
72859
72870
72872
72877
72883
72886
72889
72895
72915
72923
72966
72974
72977
72984
73012
73027
73041
73042
73057
73078
73093
73111
73119
73124
73128
73130
73141
73157
73158
73165
73189
73195
73197
73216
73242
73246
73274
73283
73291
73291
73291
73303
73303
73324
73326
73327
73343
73360
73372
73380
73396
73406
73409
73436
73454
73456
73472
73478
73494
73499
73504
73510
73565
73589
73593
73600
73607
73610
73618
73635
73661
73670
73671
73683
73683
73684
73692
73697
73718
73727
73729
73737
73760
73762
73765
73771
73772
73785
73793
73801
73814
73819
73821
73822
73834
73835
73849
73855
73862
73872
73881
73887
73893
73895
73901
73907
73919
73920
73942
73943
73949
73968
73984
74013
74018
74034
74044
74045
74055
74057
74070
74071
74078
74079
74081
74106
74134
74156
74160
74165
74184
74197
74229
74233
74236
74236
74254
74266
74279
74300
74321
74352
74357
74360
74367
74378
74383
74396
74405
74421
74422
74424
74426
74430
74436
74441
74448
74470
74495
74496
74503
74509
74511
74525
74528
74531
74539
74541
74545
74551
74555
74574
74581
74591
74594
74606
74608
74621
74622
74633
74637
74640
74642
74662
74663
74669
74669
74671
74689
74691
74696
74703
74708
74709
74713
74716
74735
74738
74745
74754
74756
74757
74763
74767
74768
74768
74769
74771
74771
74791
74813
74815
74815
74817
74830
74830
74833
74837
74848
74854
74869
74886
74891
74905
74914
74916
74920
74974
74995
74996
75012
75027
75034
75041
75044
75050
75070
75087
75096
75104
75107
75117
75121
75137
75162
75164
75198
75204
75211
75219
75233
75268
75270
75274
75279
75283
75284
75293
75297
75319
75338
75344
75346
75346
75359
75369
75369
75394
75397
75424
75449
75455
75491
75505
75518
75522
75522
75524
75531
75538
75546
75558
75564
75565
75570
75573
75575
75587
75591
75599
75638
75648
75650
75654
75663
75667
75697
75716
75736
75738
75750
75753
75755
75756
75767
75771
75778
75782
75800
75802
75803
75822
75834
75836
75842
75843
75844
75850
75869
75876
75884
75887
75899
75901
75913
75917
75927
75928
75953
75953
75961
75970
75986
75998
76015
76021
76022
76026
76033
76033
76038
76047
76047
76057
76073
76077
76083
76085
76089
76090
76098
76102
76106
76112
76114
76145
76145
76149
76150
76151
76190
76202
76205
76209
76218
76219
76229
76233
76280
76284
76310
76321
76338
76349
76354
76363
76363
76365
76365
76369
76400
76414
76426
76446
76460
76469
76494
76502
76538
76541
76546
76554
76578
76583
76590
76600
76632
76636
76685
76700
76728
76739
76778
76786
76793
76841
76847
76859
76860
76889
76894
76897
76914
76929
76939
76947
76962
76978
76995
77013
77021
77027
77029
77036
77041
77049
77059
77065
77067
77096
77106
77119
77126
77145
77146
77147
77147
77208
77212
77213
77213
77216
77224
77255
77257
77290
77304
77340
77343
77343
77349
77353
77356
77356
77357
77360
77364
77373
77376
77380
77392
77402
77407
77409
77413
77428
77433
77435
77435
77437
77447
77450
77475
77481
77489
77494
77507
77525
77532
77534
77569
77573
77579
77594
77599
77609
77616
77639
77664
77672
77682
77691
77696
77696
77698
77719
77743
77744
77750
77757
77779
77780
77795
77803
77806
77807
77809
77843
77852
77861
77898
77915
77927
77934
77937
77937
77957
77957
77968
77971
77991
78007
78035
78046
78058
78062
78081
78091
78096
78099
78118
78126
78128
78128
78144
78170
78171
78184
78187
78226
78245
78248
78251
78252
78261
78269
78281
78290
78290
78293
78297
78300
78304
78314
78316
78328
78329
78339
78343
78346
78352
78354
78361
78361
78366
78392
78452
78452
78465
78471
78472
78477
78489
78502
78504
78516
78536
78539
78542
78554
78560
78565
78600
78611
78621
78636
78653
78669
78673
78685
78717
78719
78723
78728
78736
78740
78764
78770
78774
78791
78792
78794
78826
78834
78842
78851
78862
78863
78867
78870
78874
78879
78903
78904
78913
78921
78930
78934
78967
78981
79023
79042
79064
79095
79112
79132
79139
79143
79147
79152
79154
79155
79165
79168
79173
79173
79179
79181
79182
79187
79190
79198
79206
79208
79212
79224
79242
79242
79250
79264
79270
79275
79276
79281
79289
79291
79294
79294
79306
79344
79367
79390
79395
79402
79424
79434
79442
79490
79496
79509
79517
79520
79522
79522
79524
79525
79527
79530
79547
79570
79577
79592
79593
79595
79602
79606
79612
79622
79642
79665
79666
79687
79695
79696
79726
79731
79735
79750
79777
79801
79803
79812
79818
79823
79835
79835
79842
79845
79850
79864
79866
79866
79881
79882
79910
79935
79958
79959
79961
79973
80000
80000
80007
80014
80024
80024
80040
80049
80057
80068
80075
80088
80092
80127
80129
80145
80153
80160
80167
80184
80202
80217
80245
80262
80267
80281
80323
80335
80337
80347
80360
80372
80378
80380
80392
80393
80400
80400
80427
80436
80438
80462
80463
80463
80470
80477
80480
80494
80512
80522
80522
80538
80560
80564
80574
80587
80612
80630
80637
80645
80646
80651
80654
80661
80674
80682
80690
80694
80702
80748
80770
80772
80815
80817
80819
80831
80835
80836
80854
80860
80869
80871
80891
80899
80946
80947
80955
80962
80970
80974
80987
80989
81000
81008
81025
81031
81031
81042
81042
81080
81081
81083
81083
81085
81091
81101
81104
81104
81114
81139
81140
81156
81163
81165
81177
81178
81182
81188
81205
81206
81206
81238
81244
81255
81274
81284
81309
81324
81334
81338
81339
81350
81352
81367
81368
81372
81388
81400
81402
81435
81457
81495
81539
81564
81565
81594
81595
81600
81600
81608
81610
81624
81655
81655
81655
81659
81670
81674
81683
81692
81694
81701
81705
81719
81731
81731
81731
81746
81760
81770
81774
81794
81799
81810
81812
81820
81830
81842
81843
81845
81862
81867
81869
81872
81874
81888
81904
81909
81918
81921
81933
81947
81955
81962
81968
81971
81971
81994
81996
82008
82008
82018
82021
82028
82032
82043
82044
82065
82066
82073
82082
82097
82097
82099
82099
82104
82113
82121
82130
82134
82173
82187
82208
82208
82236
82240
82272
82282
82284
82289
82294
82314
82316
82319
82332
82344
82352
82358
82380
82389
82389
82397
82421
82422
82449
82467
82472
82476
82476
82486
82514
82517
82518
82527
82543
82567
82567
82576
82578
82586
82587
82591
82626
82631
82639
82658
82702
82703
82708
82727
82732
82741
82755
82792
82797
82800
82801
82802
82805
82806
82806
82815
82817
82828
82830
82873
82876
82885
82892
82898
82901
82905
82961
83002
83014
83047
83086
83122
83130
83132
83145
83149
83150
83169
83190
83192
83198
83199
83203
83227
83238
83244
83250
83253
83255
83275
83282
83294
83296
83306
83309
83313
83322
83341
83353
83448
83450
83480
83482
83486
83490
83507
83509
83510
83514
83522
83522
83528
83536
83538
83551
83556
83557
83568
83591
83593
83594
83598
83603
83652
83671
83682
83687
83687
83688
83700
83704
83747
83813
83813
83825
83831
83839
83841
83843
83843
83849
83854
83856
83857
83882
83886
83897
83899
83902
83909
83912
83922
83922
83940
83955
83971
83975
83975
83976
83981
83985
83994
83999
84024
84024
84026
84041
84052
84059
84080
84081
84088
84092
84096
84115
84115
84115
84120
84147
84180
84190
84193
84195
84202
84222
84225
84236
84254
84265
84273
84301
84304
84308
84344
84345
84352
84379
84380
84389
84390
84405
84414
84442
84447
84460
84473
84475
84475
84477
84491
84510
84524
84547
84549
84555
84579
84591
84593
84598
84599
84631
84640
84651
84665
84696
84701
84706
84710
84712
84714
84731
84796
84799
84804
84811
84817
84833
84839
84843
84857
84866
84882
84902
84911
84919
84926
84962
84963
84976
84988
84994
85030
85031
85033
85034
85044
85047
85059
85116
85121
85125
85135
85139
85152
85162
85180
85183
85203
85209
85211
85219
85232
85269
85283
85330
85333
85334
85336
85344
85344
85347
85353
85384
85414
85418
85419
85432
85449
85458
85459
85464
85465
85470
85472
85492
85498
85507
85520
85548
85558
85561
85562
85566
85582
85586
85610
85613
85629
85629
85630
85639
85642
85646
85654
85680
85682
85693
85695
85697
85700
85734
85734
85740
85745
85760
85766
85767
85789
85791
85796
85820
85825
85825
85838
85851
85861
85898
85899
85932
85934
85934
85947
85976
85983
85986
86024
86040
86044
86047
86065
86070
86081
86088
86103
86118
86148
86161
86176
86179
86187
86190
86195
86202
86204
86206
86210
86211
86216
86238
86243
86258
86267
86269
86270
86279
86292
86294
86299
86301
86308
86313
86324
86331
86339
86360
86361
86368
86371
86380
86384
86397
86408
86410
86415
86420
86444
86457
86468
86475
86479
86482
86487
86488
86496
86498
86510
86511
86518
86524
86547
86557
86585
86586
86589
86590
86600
86618
86628
86632
86642
86646
86653
86656
86668
86673
86679
86682
86702
86710
86726
86729
86739
86740
86741
86744
86747
86756
86767
86769
86775
86787
86792
86792
86803
86813
86818
86826
86828
86854
86877
86909
86910
86913
86921
86924
86948
86950
86950
86961
86974
86989
87003
87003
87013
87026
87029
87039
87046
87048
87050
87063
87088
87090
87090
87091
87123
87159
87163
87164
87173
87187
87201
87212
87214
87235
87236
87238
87238
87240
87241
87251
87253
87256
87282
87297
87305
87314
87314
87315
87315
87326
87336
87350
87386
87422
87423
87438
87443
87456
87457
87475
87488
87491
87535
87535
87540
87549
87555
87565
87567
87581
87587
87596
87602
87613
87696
87721
87726
87738
87760
87780
87792
87803
87805
87809
87810
87812
87825
87832
87856
87866
87880
87883
87883
87889
87901
87908
87937
87953
87968
87974
87975
87982
87990
88011
88017
88021
88022
88040
88040
88050
88057
88066
88070
88072
88078
88100
88109
88112
88124
88127
88132
88140
88154
88159
88160
88163
88183
88187
88192
88193
88199
88203
88208
88250
88252
88254
88260
88267
88277
88279
88280
88283
88290
88317
88324
88326
88328
88332
88335
88343
88357
88360
88364
88371
88372
88380
88394
88407
88418
88430
88440
88442
88447
88452
88460
88461
88461
88466
88490
88498
88500
88504
88536
88542
88542
88549
88553
88571
88589
88596
88614
88624
88627
88638
88642
88650
88652
88654
88659
88669
88670
88675
88683
88736
88747
88760
88763
88765
88784
88787
88787
88797
88797
88814
88838
88866
88872
88881
88889
88919
88926
88927
88935
88941
88957
88964
88979
88980
88981
89037
89054
89056
89058
89071
89079
89089
89091
89097
89114
89117
89125
89127
89143
89144
89151
89156
89172
89174
89176
89178
89180
89182
89190
89202
89229
89254
89260
89261
89271
89275
89291
89297
89299
89325
89337
89360
89418
89421
89427
89441
89449
89454
89472
89472
89473
89488
89546
89556
89558
89559
89560
89561
89571
89577
89629
89631
89633
89637
89646
89646
89651
89681
89701
89703
89707
89722
89728
89775
89784
89791
89795
89818
89818
89823
89830
89840
89842
89868
89886
89887
89896
89898
89899
89902
89902
89922
89931
89932
89943
89960
89971
89972
89984
90005
90023
90032
90058
90073
90084
90088
90090
90137
90140
90155
90163
90168
90168
90169
90215
90223
90229
90238
90238
90239
90242
90256
90318
90327
90337
90344
90350
90356
90357
90368
90371
90378
90381
90396
90408
90416
90430
90434
90481
90491
90502
90514
90519
90538
90539
90564
90570
90577
90582
90586
90600
90601
90608
90608
90617
90618
90645
90666
90683
90706
90716
90716
90722
90748
90748
90749
90763
90772
90776
90778
90782
90790
90806
90809
90811
90821
90835
90838
90838
90839
90843
90849
90904
90905
90930
90960
90964
90973
90980
90986
91004
91009
91011
91012
91013
91022
91024
91041
91059
91069
91081
91115
91135
91136
91137
91152
91153
91155
91174
91182
91182
91183
91184
91191
91197
91213
91217
91229
91234
91246
91246
91259
91267
91279
91294
91316
91320
91332
91339
91342
91345
91348
91353
91372
91373
91373
91380
91384
91392
91430
91502
91515
91546
91550
91573
91578
91584
91588
91620
91626
91640
91645
91651
91655
91661
91669
91692
91697
91708
91714
91721
91733
91733
91756
91776
91783
91790
91796
91797
91807
91814
91814
91822
91822
91829
91842
91863
91879
91881
91900
91907
91913
91925
91935
91982
91998
92010
92010
92023
92027
92032
92096
92097
92101
92116
92135
92141
92163
92185
92186
92205
92205
92206
92231
92236
92240
92260
92261
92272
92309
92312
92320
92355
92356
92365
92381
92382
92392
92392
92392
92395
92396
92404
92414
92421
92465
92476
92511
92523
92526
92527
92527
92529
92550
92550
92552
92572
92585
92595
92614
92636
92641
92649
92656
92663
92667
92672
92681
92685
92685
92692
92709
92722
92732
92734
92750
92751
92751
92755
92756
92767
92786
92790
92817
92825
92842
92860
92878
92898
92925
92933
92946
92946
92954
92978
92986
92987
92996
92997
93006
93010
93011
93024
93033
93034
93037
93047
93063
93063
93069
93086
93097
93100
93108
93110
93117
93118
93123
93127
93143
93152
93196
93198
93203
93227
93247
93247
93250
93255
93267
93272
93273
93275
93275
93278
93309
93317
93319
93328
93343
93361
93372
93379
93394
93425
93429
93430
93434
93455
93457
93463
93467
93493
93510
93511
93519
93543
93560
93566
93570
93599
93611
93615
93631
93633
93634
93651
93663
93673
93675
93683
93685
93743
93745
93750
93770
93787
93789
93791
93807
93813
93814
93826
93831
93837
93845
93846
93850
93860
93877
93897
93907
93915
93919
93924
93974
93983
94010
94018
94027
94030
94034
94044
94045
94055
94056
94077
94092
94096
94100
94112
94132
94133
94133
94136
94138
94145
94149
94152
94155
94195
94204
94219
94227
94255
94278
94279
94281
94291
94297
94325
94332
94346
94349
94359
94364
94369
94370
94381
94398
94399
94415
94432
94448
94455
94475
94478
94486
94501
94542
94573
94576
94576
94579
94579
94587
94620
94625
94636
94639
94642
94659
94666
94670
94676
94692
94696
94710
94710
94724
94728
94732
94737
94738
94744
94753
94754
94767
94771
94772
94794
94797
94798
94808
94821
94826
94857
94875
94888
94906
94907
94928
94935
94946
94961
94967
94974
94992
95006
95012
95037
95090
95093
95098
95099
95114
95117
95134
95136
95137
95137
95139
95152
95155
95160
95163
95166
95191
95223
95238
95239
95273
95304
95309
95322
95336
95351
95357
95373
95390
95394
95397
95410
95420
95425
95429
95432
95436
95447
95448
95458
95480
95483
95496
95503
95512
95512
95512
95520
95522
95528
95532
95534
95542
95542
95553
95554
95558
95578
95578
95585
95585
95621
95647
95656
95659
95664
95692
95703
95726
95742
95743
95785
95786
95793
95799
95805
95805
95823
95829
95831
95840
95845
95853
95860
95881
95884
95890
95913
95948
95953
95954
95960
95976
95988
95988
95993
95994
96001
96001
96008
96015
96033
96036
96054
96073
96078
96081
96089
96090
96105
96107
96115
96138
96150
96152
96165
96173
96194
96197
96199
96220
96246
96252
96266
96266
96270
96303
96317
96324
96333
96334
96337
96339
96341
96357
96358
96363
96374
96382
96400
96411
96412
96417
96431
96453
96461
96513
96526
96543
96553
96557
96558
96561
96566
96582
96588
96593
96599
96601
96606
96636
96655
96659
96677
96700
96710
96711
96726
96727
96729
96741
96746
96750
96767
96767
96782
96782
96788
96814
96815
96817
96821
96835
96842
96851
96854
96860
96875
96880
96892
96893
96904
96935
96942
96945
96959
97000
97007
97012
97018
97039
97040
97062
97090
97099
97110
97127
97131
97137
97140
97144
97145
97158
97161
97161
97161
97163
97175
97177
97208
97228
97233
97246
97250
97252
97257
97276
97278
97283
97285
97285
97291
97330
97332
97336
97338
97341
97347
97348
97387
97391
97406
97410
97412
97428
97435
97442
97457
97487
97492
97495
97499
97502
97530
97541
97546
97553
97561
97576
97578
97580
97584
97599
97603
97610
97612
97615
97615
97631
97647
97649
97665
97670
97670
97682
97695
97719
97733
97736
97738
97739
97743
97747
97749
97765
97771
97777
97803
97806
97811
97812
97827
97841
97862
97866
97885
97889
97895
97901
97913
97919
97923
97924
97938
97951
97965
97971
97996
97999
98007
98010
98016
98018
98040
98040
98051
98054
98078
98095
98101
98104
98107
98114
98117
98139
98141
98145
98154
98160
98161
98187
98188
98188
98206
98247
98254
98271
98285
98311
98312
98312
98317
98317
98321
98333
98341
98344
98349
98360
98369
98370
98377
98378
98383
98399
98403
98404
98406
98408
98426
98430
98433
98439
98454
98461
98484
98495
98508
98512
98524
98539
98550
98553
98557
98563
98599
98626
98627
98643
98644
98653
98666
98676
98680
98681
98686
98689
98692
98698
98706
98706
98711
98717
98760
98770
98775
98776
98781
98812
98850
98855
98862
98874
98882
98890
98892
98921
98939
98954
98956
98961
98961
98962
98970
98987
99000
99022
99032
99054
99069
99091
99102
99109
99119
99120
99133
99135
99142
99151
99155
99160
99173
99180
99189
99226
99230
99236
99240
99261
99264
99269
99272
99274
99286
99296
99302
99305
99322
99324
99352
99356
99377
99382
99392
99399
99407
99409
99423
99431
99436
99461
99462
99467
99467
99471
99481
99490
99492
99514
99523
99527
99537
99547
99559
99566
99568
99601
99601
99603
99610
99611
99632
99641
99653
99655
99667
99687
99689
99710
99710
99713
99723
99729
99733
99752
99755
99768
99773
99773
99784
99784
99787
99800
99800
99841
99851
99853
99859
99860
99861
99862
99867
99875
99912
99913
99925
99931
99949
99969
99980
99984
99988
