99988
99984
99980
99969
99949
99931
99925
99913
99912
99875
99867
99862
99861
99860
99859
99853
99851
99841
99800
99800
99787
99784
99784
99773
99773
99768
99755
99752
99733
99729
99723
99713
99710
99710
99689
99687
99667
99655
99653
99641
99632
99611
99610
99603
99601
99601
99568
99566
99559
99547
99537
99527
99523
99514
99492
99490
99481
99471
99467
99467
99462
99461
99436
99431
99423
99409
99407
99399
99392
99382
99377
99356
99352
99324
99322
99305
99302
99296
99286
99274
99272
99269
99264
99261
99240
99236
99230
99226
99189
99180
99173
99160
99155
99151
99142
99135
99133
99120
99119
99109
99102
99091
99069
99054
99032
99022
99000
98987
98970
98962
98961
98961
98956
98954
98939
98921
98892
98890
98882
98874
98862
98855
98850
98812
98781
98776
98775
98770
98760
98717
98711
98706
98706
98698
98692
98689
98686
98681
98680
98676
98666
98653
98644
98643
98627
98626
98599
98563
98557
98553
98550
98539
98524
98512
98508
98495
98484
98461
98454
98439
98433
98430
98426
98408
98406
98404
98403
98399
98383
98378
98377
98370
98369
98360
98349
98344
98341
98333
98321
98317
98317
98312
98312
98311
98285
98271
98254
98247
98206
98188
98188
98187
98161
98160
98154
98145
98141
98139
98117
98114
98107
98104
98101
98095
98078
98054
98051
98040
98040
98018
98016
98010
98007
97999
97996
97971
97965
97951
97938
97924
97923
97919
97913
97901
97895
97889
97885
97866
97862
97841
97827
97812
97811
97806
97803
97777
97771
97765
97749
97747
97743
97739
97738
97736
97733
97719
97695
97682
97670
97670
97665
97649
97647
97631
97615
97615
97612
97610
97603
97599
97584
97580
97578
97576
97561
97553
97546
97541
97530
97502
97499
97495
97492
97487
97457
97442
97435
97428
97412
97410
97406
97391
97387
97348
97347
97341
97338
97336
97332
97330
97291
97285
97285
97283
97278
97276
97257
97252
97250
97246
97233
97228
97208
97177
97175
97163
97161
97161
97161
97158
97145
97144
97140
97137
97131
97127
97110
97099
97090
97062
97040
97039
97018
97012
97007
97000
96959
96945
96942
96935
96904
96893
96892
96880
96875
96860
96854
96851
96842
96835
96821
96817
96815
96814
96788
96782
96782
96767
96767
96750
96746
96741
96729
96727
96726
96711
96710
96700
96677
96659
96655
96636
96606
96601
96599
96593
96588
96582
96566
96561
96558
96557
96553
96543
96526
96513
96461
96453
96431
96417
96412
96411
96400
96382
96374
96363
96358
96357
96341
96339
96337
96334
96333
96324
96317
96303
96270
96266
96266
96252
96246
96220
96199
96197
96194
96173
96165
96152
96150
96138
96115
96107
96105
96090
96089
96081
96078
96073
96054
96036
96033
96015
96008
96001
96001
95994
95993
95988
95988
95976
95960
95954
95953
95948
95913
95890
95884
95881
95860
95853
95845
95840
95831
95829
95823
95805
95805
95799
95793
95786
95785
95743
95742
95726
95703
95692
95664
95659
95656
95647
95621
95585
95585
95578
95578
95558
95554
95553
95542
95542
95534
95532
95528
95522
95520
95512
95512
95512
95503
95496
95483
95480
95458
95448
95447
95436
95432
95429
95425
95420
95410
95397
95394
95390
95373
95357
95351
95336
95322
95309
95304
95273
95239
95238
95223
95191
95166
95163
95160
95155
95152
95139
95137
95137
95136
95134
95117
95114
95099
95098
95093
95090
95037
95012
95006
94992
94974
94967
94961
94946
94935
94928
94907
94906
94888
94875
94857
94826
94821
94808
94798
94797
94794
94772
94771
94767
94754
94753
94744
94738
94737
94732
94728
94724
94710
94710
94696
94692
94676
94670
94666
94659
94642
94639
94636
94625
94620
94587
94579
94579
94576
94576
94573
94542
94501
94486
94478
94475
94455
94448
94432
94415
94399
94398
94381
94370
94369
94364
94359
94349
94346
94332
94325
94297
94291
94281
94279
94278
94255
94227
94219
94204
94195
94155
94152
94149
94145
94138
94136
94133
94133
94132
94112
94100
94096
94092
94077
94056
94055
94045
94044
94034
94030
94027
94018
94010
93983
93974
93924
93919
93915
93907
93897
93877
93860
93850
93846
93845
93837
93831
93826
93814
93813
93807
93791
93789
93787
93770
93750
93745
93743
93685
93683
93675
93673
93663
93651
93634
93633
93631
93615
93611
93599
93570
93566
93560
93543
93519
93511
93510
93493
93467
93463
93457
93455
93434
93430
93429
93425
93394
93379
93372
93361
93343
93328
93319
93317
93309
93278
93275
93275
93273
93272
93267
93255
93250
93247
93247
93227
93203
93198
93196
93152
93143
93127
93123
93118
93117
93110
93108
93100
93097
93086
93069
93063
93063
93047
93037
93034
93033
93024
93011
93010
93006
92997
92996
92987
92986
92978
92954
92946
92946
92933
92925
92898
92878
92860
92842
92825
92817
92790
92786
92767
92756
92755
92751
92751
92750
92734
92732
92722
92709
92692
92685
92685
92681
92672
92667
92663
92656
92649
92641
92636
92614
92595
92585
92572
92552
92550
92550
92529
92527
92527
92526
92523
92511
92476
92465
92421
92414
92404
92396
92395
92392
92392
92392
92382
92381
92365
92356
92355
92320
92312
92309
92272
92261
92260
92240
92236
92231
92206
92205
92205
92186
92185
92163
92141
92135
92116
92101
92097
92096
92032
92027
92023
92010
92010
91998
91982
91935
91925
91913
91907
91900
91881
91879
91863
91842
91829
91822
91822
91814
91814
91807
91797
91796
91790
91783
91776
91756
91733
91733
91721
91714
91708
91697
91692
91669
91661
91655
91651
91645
91640
91626
91620
91588
91584
91578
91573
91550
91546
91515
91502
91430
91392
91384
91380
91373
91373
91372
91353
91348
91345
91342
91339
91332
91320
91316
91294
91279
91267
91259
91246
91246
91234
91229
91217
91213
91197
91191
91184
91183
91182
91182
91174
91155
91153
91152
91137
91136
91135
91115
91081
91069
91059
91041
91024
91022
91013
91012
91011
91009
91004
90986
90980
90973
90964
90960
90930
90905
90904
90849
90843
90839
90838
90838
90835
90821
90811
90809
90806
90790
90782
90778
90776
90772
90763
90749
90748
90748
90722
90716
90716
90706
90683
90666
90645
90618
90617
90608
90608
90601
90600
90586
90582
90577
90570
90564
90539
90538
90519
90514
90502
90491
90481
90434
90430
90416
90408
90396
90381
90378
90371
90368
90357
90356
90350
90344
90337
90327
90318
90256
90242
90239
90238
90238
90229
90223
90215
90169
90168
90168
90163
90155
90140
90137
90090
90088
90084
90073
90058
90032
90023
90005
89984
89972
89971
89960
89943
89932
89931
89922
89902
89902
89899
89898
89896
89887
89886
89868
89842
89840
89830
89823
89818
89818
89795
89791
89784
89775
89728
89722
89707
89703
89701
89681
89651
89646
89646
89637
89633
89631
89629
89577
89571
89561
89560
89559
89558
89556
89546
89488
89473
89472
89472
89454
89449
89441
89427
89421
89418
89360
89337
89325
89299
89297
89291
89275
89271
89261
89260
89254
89229
89202
89190
89182
89180
89178
89176
89174
89172
89156
89151
89144
89143
89127
89125
89117
89114
89097
89091
89089
89079
89071
89058
89056
89054
89037
88981
88980
88979
88964
88957
88941
88935
88927
88926
88919
88889
88881
88872
88866
88838
88814
88797
88797
88787
88787
88784
88765
88763
88760
88747
88736
88683
88675
88670
88669
88659
88654
88652
88650
88642
88638
88627
88624
88614
88596
88589
88571
88553
88549
88542
88542
88536
88504
88500
88498
88490
88466
88461
88461
88460
88452
88447
88442
88440
88430
88418
88407
88394
88380
88372
88371
88364
88360
88357
88343
88335
88332
88328
88326
88324
88317
88290
88283
88280
88279
88277
88267
88260
88254
88252
88250
88208
88203
88199
88193
88192
88187
88183
88163
88160
88159
88154
88140
88132
88127
88124
88112
88109
88100
88078
88072
88070
88066
88057
88050
88040
88040
88022
88021
88017
88011
87990
87982
87975
87974
87968
87953
87937
87908
87901
87889
87883
87883
87880
87866
87856
87832
87825
87812
87810
87809
87805
87803
87792
87780
87760
87738
87726
87721
87696
87613
87602
87596
87587
87581
87567
87565
87555
87549
87540
87535
87535
87491
87488
87475
87457
87456
87443
87438
87423
87422
87386
87350
87336
87326
87315
87315
87314
87314
87305
87297
87282
87256
87253
87251
87241
87240
87238
87238
87236
87235
87214
87212
87201
87187
87173
87164
87163
87159
87123
87091
87090
87090
87088
87063
87050
87048
87046
87039
87029
87026
87013
87003
87003
86989
86974
86961
86950
86950
86948
86924
86921
86913
86910
86909
86877
86854
86828
86826
86818
86813
86803
86792
86792
86787
86775
86769
86767
86756
86747
86744
86741
86740
86739
86729
86726
86710
86702
86682
86679
86673
86668
86656
86653
86646
86642
86632
86628
86618
86600
86590
86589
86586
86585
86557
86547
86524
86518
86511
86510
86498
86496
86488
86487
86482
86479
86475
86468
86457
86444
86420
86415
86410
86408
86397
86384
86380
86371
86368
86361
86360
86339
86331
86324
86313
86308
86301
86299
86294
86292
86279
86270
86269
86267
86258
86243
86238
86216
86211
86210
86206
86204
86202
86195
86190
86187
86179
86176
86161
86148
86118
86103
86088
86081
86070
86065
86047
86044
86040
86024
85986
85983
85976
85947
85934
85934
85932
85899
85898
85861
85851
85838
85825
85825
85820
85796
85791
85789
85767
85766
85760
85745
85740
85734
85734
85700
85697
85695
85693
85682
85680
85654
85646
85642
85639
85630
85629
85629
85613
85610
85586
85582
85566
85562
85561
85558
85548
85520
85507
85498
85492
85472
85470
85465
85464
85459
85458
85449
85432
85419
85418
85414
85384
85353
85347
85344
85344
85336
85334
85333
85330
85283
85269
85232
85219
85211
85209
85203
85183
85180
85162
85152
85139
85135
85125
85121
85116
85059
85047
85044
85034
85033
85031
85030
84994
84988
84976
84963
84962
84926
84919
84911
84902
84882
84866
84857
84843
84839
84833
84817
84811
84804
84799
84796
84731
84714
84712
84710
84706
84701
84696
84665
84651
84640
84631
84599
84598
84593
84591
84579
84555
84549
84547
84524
84510
84491
84477
84475
84475
84473
84460
84447
84442
84414
84405
84390
84389
84380
84379
84352
84345
84344
84308
84304
84301
84273
84265
84254
84236
84225
84222
84202
84195
84193
84190
84180
84147
84120
84115
84115
84115
84096
84092
84088
84081
84080
84059
84052
84041
84026
84024
84024
83999
83994
83985
83981
83976
83975
83975
83971
83955
83940
83922
83922
83912
83909
83902
83899
83897
83886
83882
83857
83856
83854
83849
83843
83843
83841
83839
83831
83825
83813
83813
83747
83704
83700
83688
83687
83687
83682
83671
83652
83603
83598
83594
83593
83591
83568
83557
83556
83551
83538
83536
83528
83522
83522
83514
83510
83509
83507
83490
83486
83482
83480
83450
83448
83353
83341
83322
83313
83309
83306
83296
83294
83282
83275
83255
83253
83250
83244
83238
83227
83203
83199
83198
83192
83190
83169
83150
83149
83145
83132
83130
83122
83086
83047
83014
83002
82961
82905
82901
82898
82892
82885
82876
82873
82830
82828
82817
82815
82806
82806
82805
82802
82801
82800
82797
82792
82755
82741
82732
82727
82708
82703
82702
82658
82639
82631
82626
82591
82587
82586
82578
82576
82567
82567
82543
82527
82518
82517
82514
82486
82476
82476
82472
82467
82449
82422
82421
82397
82389
82389
82380
82358
82352
82344
82332
82319
82316
82314
82294
82289
82284
82282
82272
82240
82236
82208
82208
82187
82173
82134
82130
82121
82113
82104
82099
82099
82097
82097
82082
82073
82066
82065
82044
82043
82032
82028
82021
82018
82008
82008
81996
81994
81971
81971
81968
81962
81955
81947
81933
81921
81918
81909
81904
81888
81874
81872
81869
81867
81862
81845
81843
81842
81830
81820
81812
81810
81799
81794
81774
81770
81760
81746
81731
81731
81731
81719
81705
81701
81694
81692
81683
81674
81670
81659
81655
81655
81655
81624
81610
81608
81600
81600
81595
81594
81565
81564
81539
81495
81457
81435
81402
81400
81388
81372
81368
81367
81352
81350
81339
81338
81334
81324
81309
81284
81274
81255
81244
81238
81206
81206
81205
81188
81182
81178
81177
81165
81163
81156
81140
81139
81114
81104
81104
81101
81091
81085
81083
81083
81081
81080
81042
81042
81031
81031
81025
81008
81000
80989
80987
80974
80970
80962
80955
80947
80946
80899
80891
80871
80869
80860
80854
80836
80835
80831
80819
80817
80815
80772
80770
80748
80702
80694
80690
80682
80674
80661
80654
80651
80646
80645
80637
80630
80612
80587
80574
80564
80560
80538
80522
80522
80512
80494
80480
80477
80470
80463
80463
80462
80438
80436
80427
80400
80400
80393
80392
80380
80378
80372
80360
80347
80337
80335
80323
80281
80267
80262
80245
80217
80202
80184
80167
80160
80153
80145
80129
80127
80092
80088
80075
80068
80057
80049
80040
80024
80024
80014
80007
80000
80000
79973
79961
79959
79958
79935
79910
79882
79881
79866
79866
79864
79850
79845
79842
79835
79835
79823
79818
79812
79803
79801
79777
79750
79735
79731
79726
79696
79695
79687
79666
79665
79642
79622
79612
79606
79602
79595
79593
79592
79577
79570
79547
79530
79527
79525
79524
79522
79522
79520
79517
79509
79496
79490
79442
79434
79424
79402
79395
79390
79367
79344
79306
79294
79294
79291
79289
79281
79276
79275
79270
79264
79250
79242
79242
79224
79212
79208
79206
79198
79190
79187
79182
79181
79179
79173
79173
79168
79165
79155
79154
79152
79147
79143
79139
79132
79112
79095
79064
79042
79023
78981
78967
78934
78930
78921
78913
78904
78903
78879
78874
78870
78867
78863
78862
78851
78842
78834
78826
78794
78792
78791
78774
78770
78764
78740
78736
78728
78723
78719
78717
78685
78673
78669
78653
78636
78621
78611
78600
78565
78560
78554
78542
78539
78536
78516
78504
78502
78489
78477
78472
78471
78465
78452
78452
78392
78366
78361
78361
78354
78352
78346
78343
78339
78329
78328
78316
78314
78304
78300
78297
78293
78290
78290
78281
78269
78261
78252
78251
78248
78245
78226
78187
78184
78171
78170
78144
78128
78128
78126
78118
78099
78096
78091
78081
78062
78058
78046
78035
78007
77991
77971
77968
77957
77957
77937
77937
77934
77927
77915
77898
77861
77852
77843
77809
77807
77806
77803
77795
77780
77779
77757
77750
77744
77743
77719
77698
77696
77696
77691
77682
77672
77664
77639
77616
77609
77599
77594
77579
77573
77569
77534
77532
77525
77507
77494
77489
77481
77475
77450
77447
77437
77435
77435
77433
77428
77413
77409
77407
77402
77392
77380
77376
77373
77364
77360
77357
77356
77356
77353
77349
77343
77343
77340
77304
77290
77257
77255
77224
77216
77213
77213
77212
77208
77147
77147
77146
77145
77126
77119
77106
77096
77067
77065
77059
77049
77041
77036
77029
77027
77021
77013
76995
76978
76962
76947
76939
76929
76914
76897
76894
76889
76860
76859
76847
76841
76793
76786
76778
76739
76728
76700
76685
76636
76632
76600
76590
76583
76578
76554
76546
76541
76538
76502
76494
76469
76460
76446
76426
76414
76400
76369
76365
76365
76363
76363
76354
76349
76338
76321
76310
76284
76280
76233
76229
76219
76218
76209
76205
76202
76190
76151
76150
76149
76145
76145
76114
76112
76106
76102
76098
76090
76089
76085
76083
76077
76073
76057
76047
76047
76038
76033
76033
76026
76022
76021
76015
75998
75986
75970
75961
75953
75953
75928
75927
75917
75913
75901
75899
75887
75884
75876
75869
75850
75844
75843
75842
75836
75834
75822
75803
75802
75800
75782
75778
75771
75767
75756
75755
75753
75750
75738
75736
75716
75697
75667
75663
75654
75650
75648
75638
75599
75591
75587
75575
75573
75570
75565
75564
75558
75546
75538
75531
75524
75522
75522
75518
75505
75491
75455
75449
75424
75397
75394
75369
75369
75359
75346
75346
75344
75338
75319
75297
75293
75284
75283
75279
75274
75270
75268
75233
75219
75211
75204
75198
75164
75162
75137
75121
75117
75107
75104
75096
75087
75070
75050
75044
75041
75034
75027
75012
74996
74995
74974
74920
74916
74914
74905
74891
74886
74869
74854
74848
74837
74833
74830
74830
74817
74815
74815
74813
74791
74771
74771
74769
74768
74768
74767
74763
74757
74756
74754
74745
74738
74735
74716
74713
74709
74708
74703
74696
74691
74689
74671
74669
74669
74663
74662
74642
74640
74637
74633
74622
74621
74608
74606
74594
74591
74581
74574
74555
74551
74545
74541
74539
74531
74528
74525
74511
74509
74503
74496
74495
74470
74448
74441
74436
74430
74426
74424
74422
74421
74405
74396
74383
74378
74367
74360
74357
74352
74321
74300
74279
74266
74254
74236
74236
74233
74229
74197
74184
74165
74160
74156
74134
74106
74081
74079
74078
74071
74070
74057
74055
74045
74044
74034
74018
74013
73984
73968
73949
73943
73942
73920
73919
73907
73901
73895
73893
73887
73881
73872
73862
73855
73849
73835
73834
73822
73821
73819
73814
73801
73793
73785
73772
73771
73765
73762
73760
73737
73729
73727
73718
73697
73692
73684
73683
73683
73671
73670
73661
73635
73618
73610
73607
73600
73593
73589
73565
73510
73504
73499
73494
73478
73472
73456
73454
73436
73409
73406
73396
73380
73372
73360
73343
73327
73326
73324
73303
73303
73291
73291
73291
73283
73274
73246
73242
73216
73197
73195
73189
73165
73158
73157
73141
73130
73128
73124
73119
73111
73093
73078
73057
73042
73041
73027
73012
72984
72977
72974
72966
72923
72915
72895
72889
72886
72883
72877
72872
72870
72859
72844
72836
72831
72827
72813
72811
72793
72788
72787
72752
72750
72750
72746
72703
72693
72660
72658
72656
72628
72621
72599
72585
72569
72565
72551
72527
72524
72511
72503
72502
72497
72489
72485
72464
72451
72444
72429
72392
72388
72383
72381
72381
72377
72353
72348
72324
72323
72312
72309
72305
72303
72291
72290
72279
72279
72245
72243
72214
72209
72204
72186
72184
72183
72183
72174
72159
72139
72136
72118
72112
72093
72089
72079
72065
72026
72022
72011
72010
71992
71988
71988
71973
71958
71948
71932
71930
71929
71913
71897
71888
71885
71882
71876
71860
71854
71844
71804
71800
71800
71779
71776
71763
71762
71755
71728
71721
71719
71714
71704
71698
71681
71671
71671
71667
71654
71641
71639
71635
71633
71619
71610
71605
71586
71573
71561
71560
71559
71553
71538
71532
71532
71523
71509
71501
71499
71487
71486
71485
71481
71462
71454
71453
71453
71420
71410
71383
71368
71360
71351
71329
71327
71327
71324
71316
71303
71300
71296
71281
71274
71242
71236
71233
71228
71226
71219
71213
71212
71212
71203
71201
71196
71193
71191
71190
71166
71164
71164
71151
71144
71143
71143
71134
71134
71095
71088
71062
71041
71025
70998
70982
70975
70972
70954
70927
70922
70920
70912
70910
70908
70897
70897
70892
70890
70877
70877
70877
70857
70817
70815
70764
70764
70762
70760
70745
70738
70720
70714
70707
70703
70677
70658
70651
70643
70636
70625
70625
70625
70624
70623
70616
70615
70611
70607
70564
70559
70549
70544
70533
70529
70515
70501
70496
70496
70480
70476
70460
70438
70415
70409
70403
70397
70396
70382
70381
70375
70374
70373
70362
70351
70341
70340
70326
70320
70320
70317
70315
70309
70307
70305
70300
70298
70281
70280
70264
70261
70250
70249
70223
70211
70209
70200
70185
70168
70167
70165
70132
70120
70117
70073
70071
70070
70054
70032
70030
70023
70020
70004
69943
69920
69917
69905
69888
69884
69873
69872
69820
69793
69793
69785
69778
69758
69747
69746
69744
69742
69736
69733
69690
69689
69657
69655
69647
69640
69635
69628
69628
69618
69592
69571
69566
69529
69525
69513
69489
69483
69470
69460
69460
69437
69419
69418
69417
69413
69410
69385
69382
69376
69369
69367
69366
69341
69326
69323
69313
69311
69307
69305
69285
69280
69279
69258
69254
69224
69224
69220
69217
69217
69216
69214
69197
69191
69190
69186
69179
69162
69136
69129
69122
69120
69111
69099
69090
69071
69046
69015
69012
68998
68983
68982
68962
68959
68907
68903
68894
68892
68881
68863
68851
68847
68822
68819
68788
68783
68783
68775
68774
68770
68745
68745
68728
68698
68684
68678
68677
68648
68641
68632
68612
68603
68597
68597
68595
68544
68538
68537
68536
68528
68498
68492
68486
68476
68454
68449
68442
68441
68407
68405
68404
68387
68386
68379
68336
68331
68330
68323
68314
68253
68253
68232
68225
68188
68178
68166
68165
68152
68148
68124
68114
68111
68105
68096
68094
68060
68028
68018
68000
67994
67989
67966
67966
67960
67958
67947
67939
67899
67895
67876
67855
67805
67799
67789
67765
67761
67741
67741
67734
67733
67722
67711
67700
67682
67681
67671
67655
67655
67641
67639
67633
67632
67597
67579
67563
67561
67560
67560
67544
67542
67523
67492
67466
67466
67457
67456
67456
67436
67433
67414
67410
67389
67376
67371
67370
67345
67334
67328
67319
67314
67310
67303
67301
67286
67270
67256
67254
67253
67251
67249
67245
67225
67182
67177
67175
67174
67168
67164
67159
67155
67153
67127
67117
67097
67084
67077
67029
67026
67022
67009
66999
66996
66993
66989
66989
66986
66977
66973
66973
66948
66941
66935
66923
66918
66903
66899
66880
66879
66862
66842
66841
66832
66823
66800
66784
66783
66780
66780
66763
66689
66681
66658
66655
66650
66621
66620
66589
66579
66578
66570
66566
66541
66536
66524
66513
66510
66503
66470
66462
66448
66433
66425
66421
66420
66420
66399
66381
66375
66373
66371
66369
66369
66363
66360
66344
66343
66338
66328
66315
66305
66276
66275
66269
66230
66229
66226
66220
66218
66216
66203
66185
66180
66172
66160
66148
66146
66143
66117
66102
66093
66088
66087
66057
66056
66054
66051
66049
66047
66040
66035
66022
66017
66006
65995
65964
65960
65957
65919
65914
65913
65905
65894
65888
65870
65858
65851
65842
65826
65822
65818
65817
65816
65798
65784
65780
65772
65768
65761
65744
65717
65709
65704
65694
65694
65683
65678
65674
65662
65652
65652
65633
65615
65607
65602
65586
65584
65580
65538
65519
65510
65504
65495
65482
65469
65452
65446
65445
65440
65428
65425
65423
65416
65399
65396
65394
65394
65382
65369
65352
65345
65337
65321
65293
65290
65289
65271
65269
65255
65255
65234
65223
65201
65196
65183
65183
65146
65127
65123
65121
65119
65109
65095
65094
65090
65090
65077
65064
65063
65040
65038
65025
65025
65018
64976
64974
64965
64965
64923
64923
64902
64888
64867
64865
64839
64833
64824
64823
64797
64783
64776
64763
64757
64754
64749
64733
64728
64716
64709
64672
64669
64650
64637
64634
64634
64630
64620
64593
64591
64580
64570
64568
64563
64554
64543
64532
64524
64507
64497
64496
64477
64466
64465
64455
64452
64437
64426
64424
64402
64391
64378
64373
64362
64362
64339
64338
64338
64332
64330
64328
64317
64310
64305
64304
64304
64300
64264
64229
64227
64225
64199
64191
64189
64182
64165
64163
64142
64139
64122
64111
64094
64090
64082
64081
64076
64069
64068
64067
64063
64060
64047
64042
64039
64034
64009
63995
63979
63972
63971
63970
63969
63933
63930
63927
63925
63922
63917
63899
63893
63889
63888
63879
63852
63830
63809
63799
63794
63736
63734
63731
63731
63723
63712
63705
63701
63685
63670
63666
63665
63629
63614
63608
63607
63597
63597
63597
63595
63554
63542
63540
63517
63517
63492
63488
63479
63477
63475
63466
63443
63439
63439
63427
63425
63418
63404
63392
63391
63380
63359
63355
63352
63350
63349
63347
63286
63270
63265
63260
63257
63254
63231
63221
63210
63210
63198
63194
63187
63182
63160
63145
63134
63128
63111
63100
63099
63098
63089
63086
63072
63042
63040
63031
63028
63026
63023
63017
63012
63012
63008
62947
62939
62918
62910
62887
62885
62883
62862
62861
62860
62851
62851
62850
62846
62845
62809
62798
62792
62785
62781
62780
62777
62771
62768
62764
62747
62738
62698
62688
62676
62674
62640
62633
62633
62622
62607
62594
62592
62582
62577
62576
62550
62528
62518
62513
62508
62493
62490
62480
62476
62448
62447
62429
62419
62418
62402
62373
62368
62363
62322
62318
62300
62298
62278
62264
62259
62257
62229
62225
62218
62212
62202
62194
62175
62172
62151
62149
62127
62120
62119
62112
62108
62075
62057
62039
62037
62032
62021
62020
62009
61995
61962
61962
61933
61932
61924
61919
61915
61915
61865
61864
61857
61847
61842
61830
61826
61813
61770
61763
61734
61727
61719
61718
61718
61703
61689
61676
61674
61672
61655
61654
61646
61637
61629
61627
61626
61610
61605
61593
61540
61514
61508
61484
61430
61428
61424
61416
61410
61406
61402
61369
61365
61350
61348
61324
61316
61311
61305
61303
61276
61267
61241
61216
61212
61209
61205
61200
61199
61189
61180
61162
61129
61118
61113
61108
61104
61099
61094
61088
61069
61060
61056
61053
61046
61042
61036
61032
61012
61002
60974
60968
60958
60954
60949
60949
60935
60930
60896
60877
60866
60860
60842
60834
60829
60819
60811
60809
60804
60771
60767
60756
60754
60744
60733
60709
60704
60699
60698
60694
60690
60682
60676
60661
60651
60634
60631
60628
60615
60585
60584
60573
60563
60561
60558
60529
60521
60515
60512
60497
60493
60487
60484
60481
60474
60462
60436
60431
60412
60407
60393
60369
60365
60360
60359
60357
60354
60349
60346
60343
60326
60314
60309
60298
60291
60289
60276
60272
60272
60232
60231
60223
60221
60220
60215
60212
60208
60187
60165
60144
60131
60126
60121
60079
60077
60068
60056
60049
60029
60023
60006
59993
59981
59978
59975
59973
59955
59947
59938
59907
59892
59887
59874
59866
59864
59857
59854
59829
59828
59825
59809
59788
59788
59754
59751
59741
59740
59739
59733
59733
59714
59697
59687
59677
59630
59615
59607
59589
59574
59570
59569
59569
59563
59542
59539
59537
59535
59531
59501
59493
59487
59485
59463
59461
59428
59414
59413
59409
59386
59381
59376
59370
59358
59352
59350
59336
59334
59334
59319
59310
59304
59259
59258
59222
59216
59215
59208
59206
59193
59173
59161
59156
59151
59146
59136
59124
59122
59122
59118
59109
59108
59106
59090
59086
59086
59084
59070
59059
59025
59024
59015
58996
58994
58993
58984
58984
58979
58979
58978
58967
58941
58926
58919
58904
58891
58856
58853
58845
58839
58833
58826
58824
58818
58814
58806
58797
58794
58790
58774
58730
58723
58714
58705
58699
58688
58684
58684
58681
58670
58646
58638
58626
58626
58570
58569
58558
58554
58543
58542
58537
58534
58509
58499
58488
58487
58483
58444
58416
58414
58414
58404
58368
58368
58350
58342
58332
58332
58325
58307
58306
58305
58301
58296
58283
58278
58269
58258
58258
58252
58242
58192
58191
58181
58180
58180
58168
58165
58144
58135
58116
58112
58100
58084
58060
58044
58040
58034
58033
58023
58009
57997
57981
57978
57950
57938
57931
57930
57929
57928
57911
57906
57883
57875
57868
57845
57779
57764
57721
57707
57704
57704
57683
57679
57672
57656
57648
57627
57609
57605
57601
57577
57564
57547
57541
57512
57506
57501
57500
57498
57462
57437
57432
57399
57387
57382
57375
57354
57349
57339
57329
57326
57315
57302
57263
57256
57254
57246
57235
57213
57207
57193
57190
57188
57171
57167
57161
57147
57146
57128
57126
57115
57105
57100
57098
57095
57094
57090
57083
57068
57047
57045
57044
57035
57032
57032
57027
57022
57014
57010
57006
57005
57001
56974
56972
56961
56899
56862
56858
56856
56855
56848
56819
56800
56778
56768
56760
56756
56741
56738
56734
56730
56727
56710
56710
56702
56674
56670
56647
56643
56640
56623
56613
56595
56587
56580
56571
56565
56556
56549
56546
56501
56488
56481
56453
56443
56433
56415
56402
56393
56380
56371
56363
56359
56349
56327
56307
56306
56297
56293
56282
56280
56265
56263
56256
56256
56244
56241
56229
56223
56211
56210
56194
56183
56158
56152
56152
56145
56135
56124
56121
56119
56103
56067
56064
56062
56046
56044
56036
56026
56026
56024
56016
56012
56001
55990
55968
55957
55920
55907
55900
55889
55876
55850
55788
55783
55781
55780
55762
55761
55759
55753
55737
55732
55732
55727
55700
55694
55693
55693
55689
55685
55653
55605
55594
55593
55586
55583
55566
55564
55548
55528
55525
55511
55504
55492
55491
55477
55476
55475
55468
55463
55458
55455
55420
55399
55399
55391
55379
55373
55357
55353
55351
55335
55323
55322
55320
55319
55303
55270
55255
55209
55204
55185
55178
55169
55166
55161
55159
55153
55146
55118
55101
55080
55077
55068
55060
55051
55046
55043
55040
55015
55012
55010
55009
54996
54972
54964
54953
54947
54945
54945
54941
54939
54890
54886
54884
54863
54852
54821
54820
54811
54784
54779
54767
54738
54736
54688
54672
54660
54658
54652
54645
54631
54627
54610
54604
54586
54584
54583
54576
54567
54565
54564
54552
54551
54537
54522
54507
54494
54480
54466
54461
54460
54459
54453
54446
54432
54428
54426
54420
54400
54397
54389
54375
54343
54338
54337
54321
54312
54306
54304
54297
54290
54284
54269
54256
54243
54234
54210
54195
54194
54186
54153
54140
54134
54133
54117
54115
54091
54069
54061
54051
54046
54042
54033
54016
54005
54004
53981
53975
53949
53937
53936
53902
53898
53898
53897
53891
53845
53805
53798
53787
53783
53779
53778
53771
53770
53767
53767
53754
53747
53741
53714
53706
53700
53696
53689
53666
53596
53596
53594
53586
53586
53583
53581
53577
53562
53552
53536
53535
53533
53507
53504
53503
53501
53499
53483
53468
53465
53461
53449
53449
53408
53407
53400
53398
53385
53382
53366
53359
53344
53336
53335
53333
53312
53312
53271
53269
53253
53251
53242
53237
53208
53204
53191
53183
53172
53151
53140
53135
53111
53110
53108
53075
53070
53070
53053
53048
53046
53037
53022
53019
53004
52999
52989
52967
52967
52960
52959
52947
52944
52938
52926
52921
52908
52878
52854
52847
52828
52826
52822
52814
52802
52795
52793
52791
52767
52740
52734
52712
52706
52692
52682
52675
52674
52669
52668
52660
52641
52636
52627
52618
52617
52612
52596
52594
52594
52582
52579
52577
52575
52564
52557
52555
52544
52525
52509
52496
52471
52452
52445
52430
52426
52400
52370
52360
52353
52341
52340
52325
52300
52297
52297
52297
52296
52295
52289
52286
52282
52262
52243
52188
52187
52183
52164
52154
52135
52135
52121
52088
52081
52079
52067
52062
52054
52053
52051
52049
52044
52041
52011
52007
52002
51995
51989
51974
51957
51947
51943
51935
51934
51917
51909
51896
51882
51879
51871
51868
51863
51850
51827
51825
51816
51779
51774
51773
51769
51758
51752
51750
51736
51716
51714
51702
51701
51694
51686
51684
51684
51683
51677
51676
51651
51644
51638
51631
51630
51583
51569
51564
51554
51547
51544
51534
51525
51506
51491
51490
51469
51460
51450
51442
51433
51417
51415
51408
51408
51403
51399
51395
51382
51371
51360
51356
51351
51350
51340
51323
51301
51300
51295
51286
51285
51237
51209
51198
51194
51191
51187
51184
51168
51167
51157
51130
51119
51098
51094
51091
51058
51039
51020
51016
51012
51009
50995
50993
50979
50974
50950
50949
50944
50926
50926
50896
50896
50884
50882
50875
50871
50869
50865
50860
50857
50855
50849
50842
50818
50809
50799
50789
50779
50759
50741
50731
50730
50706
50705
50697
50689
50685
50684
50679
50669
50665
50660
50645
50637
50632
50619
50617
50616
50611
50602
50567
50567
50563
50554
50552
50529
50516
50492
50490
50488
50468
50461
50461
50452
50433
50432
50430
50422
50411
50401
50399
50389
50387
50366
50363
50347
50324
50313
50300
50296
50295
50280
50271
50261
50255
50243
50241
50238
50237
50233
50222
50201
50198
50197
50175
50173
50169
50161
50138
50137
50112
50107
50105
50096
50090
50073
50070
50059
50047
50043
50040
50037
50025
50023
50022
50018
50013
50011
49982
49967
49954
49954
49939
49935
49923
49916
49912
49903
49884
49859
49857
49854
49848
49832
49830
49830
49828
49813
49804
49798
49777
49770
49754
49728
49710
49694
49681
49674
49670
49652
49636
49632
49631
49618
49615
49613
49591
49583
49578
49528
49526
49525
49500
49495
49492
49490
49481
49464
49446
49438
49430
49423
49409
49400
49382
49364
49356
49341
49329
49327
49307
49289
49285
49257
49257
49246
49234
49234
49225
49219
49203
49203
49202
49200
49198
49193
49177
49172
49169
49160
49154
49150
49148
49114
49101
49089
49088
49077
49053
49038
49023
49000
48996
48991
48982
48971
48965
48941
48931
48915
48891
48889
48889
48888
48886
48886
48865
48853
48844
48832
48832
48825
48818
48816
48809
48807
48803
48798
48791
48788
48777
48766
48760
48759
48752
48749
48745
48721
48715
48698
48682
48673
48626
48622
48603
48592
48582
48573
48562
48557
48554
48534
48532
48530
48476
48469
48462
48455
48442
48439
48436
48430
48430
48417
48416
48403
48402
48400
48395
48366
48362
48361
48348
48343
48328
48328
48328
48321
48304
48304
48288
48285
48279
48251
48250
48229
48227
48219
48209
48196
48183
48168
48156
48128
48114
48073
48054
48053
48048
48030
48028
48024
48021
48016
47971
47963
47955
47955
47949
47942
47926
47897
47893
47878
47878
47868
47851
47849
47820
47807
47795
47791
47757
47750
47740
47721
47697
47684
47681
47679
47661
47658
47649
47639
47633
47625
47580
47579
47569
47554
47545
47545
47542
47541
47533
47525
47525
47522
47518
47516
47501
47494
47490
47472
47450
47446
47429
47419
47389
47388
47374
47368
47368
47366
47343
47339
47336
47335
47328
47321
47316
47302
47292
47289
47278
47263
47222
47209
47193
47187
47184
47182
47171
47155
47152
47140
47139
47118
47111
47101
47097
47092
47090
47089
47083
47072
47069
47056
47054
47049
47046
47045
47044
47010
47006
46997
46996
46988
46975
46972
46933
46933
46930
46921
46916
46883
46866
46862
46862
46847
46838
46833
46829
46826
46803
46795
46787
46769
46768
46761
46761
46758
46752
46745
46736
46727
46724
46704
46664
46662
46659
46652
46647
46631
46612
46608
46608
46599
46580
46570
46569
46567
46564
46561
46561
46555
46540
46511
46504
46503
46501
46501
46497
46493
46463
46458
46437
46427
46413
46413
46406
46401
46393
46393
46365
46359
46349
46336
46326
46326
46319
46314
46310
46275
46269
46261
46245
46217
46207
46206
46186
46177
46177
46141
46116
46114
46107
46100
46099
46086
46077
46074
46045
46040
46018
46013
45999
45987
45983
45981
45981
45980
45977
45970
45959
45956
45953
45933
45933
45929
45916
45915
45914
45912
45901
45891
45884
45883
45862
45856
45856
45836
45798
45783
45774
45745
45699
45692
45685
45680
45669
45664
45642
45639
45602
45601
45552
45547
45520
45508
45500
45488
45471
45456
45449
45448
45429
45426
45420
45419
45400
45399
45393
45380
45379
45370
45360
45346
45336
45335
45335
45319
45312
45308
45300
45299
45292
45292
45285
45277
45272
45248
45203
45200
45181
45157
45153
45150
45140
45114
45109
45097
45092
45091
45087
45087
45069
45059
45057
44994
44992
44987
44980
44963
44958
44954
44951
44943
44939
44936
44934
44914
44908
44899
44884
44880
44877
44873
44859
44845
44831
44824
44817
44817
44816
44793
44772
44770
44730
44713
44710
44707
44698
44696
44694
44685
44683
44665
44652
44610
44609
44596
44593
44591
44586
44579
44579
44570
44564
44552
44551
44532
44527
44503
44502
44490
44484
44476
44467
44448
44424
44386
44383
44377
44377
44370
44369
44368
44359
44358
44349
44348
44327
44314
44311
44259
44256
44254
44251
44231
44229
44224
44223
44215
44214
44199
44199
44184
44166
44151
44147
44124
44115
44085
44080
44062
44045
44039
44027
44007
44001
44001
43990
43968
43956
43955
43946
43943
43925
43920
43888
43878
43871
43864
43840
43838
43827
43816
43812
43808
43803
43782
43768
43764
43761
43747
43742
43732
43713
43708
43706
43698
43681
43679
43660
43657
43643
43643
43643
43638
43638
43634
43604
43594
43588
43581
43560
43556
43556
43538
43538
43526
43518
43511
43499
43493
43491
43491
43478
43478
43467
43453
43449
43448
43429
43418
43403
43400
43380
43378
43367
43353
43344
43339
43334
43325
43314
43314
43313
43301
43293
43270
43246
43233
43230
43213
43208
43199
43194
43185
43167
43161
43132
43129
43124
43102
43082
43077
43051
43050
43046
43037
43030
43028
43023
43014
42988
42971
42957
42954
42934
42927
42901
42901
42898
42891
42888
42881
42872
42850
42833
42821
42821
42772
42769
42746
42687
42682
42667
42667
42652
42643
42638
42622
42611
42601
42597
42580
42577
42575
42573
42558
42548
42547
42529
42514
42514
42483
42482
42446
42441
42438
42437
42432
42431
42430
42426
42423
42397
42396
42395
42386
42375
42343
42341
42329
42294
42273
42271
42256
42246
42222
42211
42210
42204
42184
42178
42104
42095
42093
42080
42078
42074
42065
42040
42023
42022
42021
42016
42014
42005
42000
41996
41979
41951
41946
41937
41926
41925
41912
41845
41833
41827
41817
41816
41812
41811
41802
41798
41787
41787
41784
41780
41763
41762
41757
41718
41712
41711
41708
41705
41702
41693
41690
41661
41650
41650
41650
41632
41630
41629
41625
41575
41558
41553
41549
41523
41512
41498
41481
41466
41465
41446
41427
41425
41424
41391
41389
41383
41375
41374
41372
41365
41365
41357
41349
41347
41346
41343
41339
41326
41318
41312
41307
41297
41288
41273
41267
41267
41264
41262
41251
41244
41238
41210
41207
41207
41199
41197
41190
41184
41165
41164
41150
41149
41138
41137
41109
41109
41107
41102
41097
41095
41084
41081
41080
41075
41058
41057
41049
41048
41036
41028
41024
41012
41001
41000
40999
40980
40980
40976
40972
40968
40963
40962
40959
40958
40956
40951
40945
40937
40936
40936
40935
40927
40914
40907
40853
40843
40840
40832
40827
40819
40817
40811
40799
40798
40789
40789
40766
40762
40740
40728
40699
40699
40699
40698
40672
40659
40630
40620
40607
40605
40600
40598
40588
40582
40571
40556
40556
40537
40523
40519
40511
40494
40486
40483
40481
40475
40465
40460
40458
40450
40439
40434
40423
40418
40413
40387
40382
40371
40352
40352
40340
40338
40337
40333
40324
40311
40309
40303
40287
40250
40237
40237
40221
40217
40207
40193
40181
40164
40143
40126
40117
40105
40104
40102
40079
40066
40065
40060
40054
40049
40041
40040
40013
40002
39988
39979
39972
39937
39922
39921
39906
39901
39894
39890
39883
39875
39850
39846
39826
39825
39818
39815
39788
39782
39779
39776
39772
39764
39756
39754
39746
39735
39719
39710
39702
39689
39683
39672
39668
39663
39659
39658
39658
39658
39654
39637
39624
39612
39610
39603
39579
39574
39566
39560
39553
39547
39546
39541
39514
39512
39507
39492
39478
39464
39460
39453
39444
39409
39387
39377
39356
39351
39344
39336
39297
39289
39281
39245
39240
39222
39209
39191
39165
39160
39157
39151
39119
39111
39083
39052
39047
39037
39036
39031
39015
38991
38986
38984
38974
38963
38949
38948
38933
38927
38879
38878
38833
38828
38816
38802
38802
38795
38782
38779
38778
38775
38775
38764
38758
38757
38747
38741
38736
38735
38723
38708
38692
38689
38685
38674
38659
38655
38652
38640
38637
38616
38611
38600
38594
38591
38582
38576
38571
38570
38558
38558
38545
38541
38527
38520
38518
38515
38511
38511
38510
38503
38482
38472
38452
38445
38444
38400
38393
38392
38391
38378
38373
38373
38367
38362
38343
38341
38341
38327
38303
38297
38295
38281
38255
38254
38232
38210
38204
38203
38203
38198
38197
38188
38188
38185
38183
38163
38160
38148
38142
38132
38116
38105
38099
38087
38086
38081
38075
38058
38056
38056
38051
38042
38040
38037
38024
38018
38014
37981
37980
37979
37970
37967
37957
37945
37917
37912
37908
37898
37896
37890
37872
37870
37862
37855
37827
37826
37804
37803
37794
37723
37709
37691
37689
37674
37656
37646
37621
37602
37601
37598
37575
37567
37552
37540
37530
37515
37513
37508
37505
37505
37501
37501
37493
37481
37477
37470
37468
37443
37435
37430
37425
37416
37410
37405
37388
37384
37377
37361
37354
37354
37343
37335
37321
37306
37305
37298
37294
37293
37288
37276
37264
37251
37242
37223
37205
37196
37182
37178
37178
37171
37152
37147
37143
37142
37135
37133
37080
37072
37070
37049
37036
37031
37031
37029
37016
36997
36981
36977
36970
36969
36963
36957
36893
36886
36881
36865
36863
36850
36849
36847
36839
36834
36834
36822
36803
36793
36785
36767
36749
36747
36721
36701
36692
36689
36689
36657
36650
36642
36640
36639
36632
36631
36629
36628
36624
36600
36595
36594
36564
36553
36548
36540
36514
36495
36480
36480
36472
36469
36446
36442
36426
36418
36412
36408
36401
36401
36400
36393
36389
36388
36384
36383
36383
36343
36342
36331
36302
36280
36270
36262
36256
36235
36202
36185
36174
36168
36157
36125
36117
36116
36116
36110
36110
36097
36091
36084
36068
36041
36037
36035
36034
36021
36019
35986
35980
35979
35962
35954
35954
35939
35934
35930
35922
35885
35883
35876
35875
35853
35850
35849
35845
35830
35814
35808
35792
35789
35783
35781
35780
35755
35730
35730
35706
35703
35700
35693
35678
35677
35673
35661
35656
35652
35649
35647
35642
35640
35625
35622
35618
35614
35607
35602
35599
35585
35584
35569
35545
35542
35541
35533
35509
35503
35497
35484
35484
35483
35481
35479
35472
35443
35431
35429
35425
35414
35398
35394
35384
35369
35359
35353
35352
35342
35307
35304
35278
35271
35268
35268
35258
35258
35228
35225
35219
35203
35191
35191
35182
35176
35168
35166
35155
35151
35150
35130
35110
35101
35084
35079
35076
35057
35024
35016
35012
35011
35007
35005
35001
34997
34992
34986
34982
34981
34941
34939
34938
34930
34921
34913
34895
34892
34892
34891
34890
34887
34869
34861
34858
34856
34847
34832
34807
34787
34781
34780
34770
34768
34768
34764
34761
34758
34743
34740
34732
34699
34668
34636
34631
34629
34621
34620
34600
34581
34578
34578
34531
34529
34520
34506
34489
34478
34476
34474
34467
34466
34458
34440
34429
34425
34412
34396
34388
34382
34378
34360
34350
34347
34327
34318
34315
34313
34293
34293
34265
34252
34252
34249
34247
34244
34235
34235
34233
34221
34216
34215
34214
34201
34188
34185
34185
34180
34174
34141
34111
34097
34096
34059
34043
34043
34016
34011
33985
33979
33962
33958
33956
33949
33940
33932
33924
33902
33886
33878
33876
33868
33867
33854
33836
33827
33820
33778
33770
33770
33768
33763
33745
33738
33734
33733
33732
33720
33710
33709
33695
33690
33689
33676
33659
33649
33633
33617
33612
33583
33578
33569
33551
33546
33546
33544
33540
33524
33514
33509
33488
33487
33467
33466
33462
33449
33442
33430
33424
33407
33399
33394
33390
33387
33376
33352
33347
33342
33340
33337
33292
33288
33270
33268
33267
33258
33255
33250
33239
33238
33231
33217
33210
33205
33179
33179
33176
33169
33151
33151
33128
33126
33092
33077
33073
33070
33056
33039
33009
32999
32988
32972
32966
32879
32868
32854
32825
32796
32794
32793
32787
32777
32752
32749
32739
32737
32720
32717
32707
32696
32675
32657
32649
32640
32638
32634
32606
32592
32586
32568
32523
32520
32512
32495
32455
32446
32429
32413
32405
32397
32391
32382
32369
32353
32337
32330
32321
32317
32296
32278
32261
32260
32240
32239
32230
32226
32196
32188
32185
32185
32157
32157
32155
32140
32136
32120
32114
32103
32103
32088
32087
32080
32058
32056
32052
32043
32035
32017
32006
32005
31993
31993
31974
31973
31959
31943
31924
31896
31876
31853
31849
31848
31826
31790
31785
31777
31776
31773
31751
31750
31747
31746
31741
31720
31715
31712
31705
31705
31682
31673
31664
31652
31643
31624
31603
31592
31587
31576
31565
31554
31553
31546
31541
31502
31493
31491
31442
31403
31402
31395
31380
31361
31339
31329
31323
31314
31312
31287
31263
31246
31235
31234
31233
31230
31224
31171
31162
31130
31112
31108
31096
31093
31083
31083
31081
31050
31040
31036
31017
31016
31008
31001
30994
30991
30991
30986
30958
30950
30939
30934
30929
30894
30881
30871
30867
30855
30854
30852
30852
30843
30840
30809
30807
30802
30779
30777
30773
30770
30763
30756
30754
30735
30731
30715
30709
30702
30699
30698
30696
30695
30689
30680
30675
30672
30667
30623
30612
30611
30598
30591
30567
30557
30552
30535
30511
30507
30506
30495
30494
30493
30477
30477
30468
30460
30433
30433
30413
30404
30398
30386
30363
30362
30361
30359
30348
30348
30347
30340
30338
30336
30335
30311
30303
30301
30299
30273
30271
30263
30260
30254
30251
30243
30224
30222
30168
30167
30133
30128
30126
30122
30114
30108
30095
30077
30061
30058
30043
30022
30021
30015
30007
29995
29985
29981
29973
29950
29932
29926
29923
29901
29900
29880
29877
29859
29858
29855
29838
29836
29835
29823
29810
29798
29795
29783
29774
29729
29690
29686
29656
29642
29640
29631
29621
29612
29612
29607
29586
29580
29564
29540
29529
29527
29508
29438
29422
29406
29378
29377
29363
29358
29357
29349
29347
29338
29304
29303
29292
29290
29272
29267
29258
29245
29226
29216
29210
29197
29175
29173
29161
29160
29155
29150
29140
29106
29103
29100
29093
29091
29091
29065
29063
29053
29037
29028
29024
29018
29007
29005
29002
28981
28981
28975
28968
28956
28945
28934
28932
28917
28917
28903
28891
28887
28858
28844
28843
28833
28832
28819
28817
28806
28791
28785
28775
28775
28765
28750
28738
28713
28706
28696
28679
28674
28666
28661
28656
28649
28634
28605
28583
28575
28572
28554
28550
28547
28533
28533
28529
28517
28501
28497
28493
28490
28486
28478
28472
28436
28430
28425
28412
28407
28382
28379
28372
28357
28350
28344
28325
28322
28317
28304
28298
28295
28281
28278
28272
28268
28235
28226
28220
28209
28191
28169
28154
28138
28138
28136
28135
28132
28126
28109
28101
28092
28088
28086
28052
28034
28033
28033
28031
28003
27993
27980
27966
27965
27951
27947
27932
27932
27923
27917
27898
27897
27895
27891
27891
27882
27880
27876
27876
27848
27843
27829
27809
27792
27788
27784
27762
27738
27737
27721
27714
27713
27702
27693
27684
27680
27671
27649
27637
27630
27619
27616
27605
27604
27593
27579
27577
27556
27555
27553
27546
27543
27533
27526
27522
27517
27510
27507
27495
27485
27473
27457
27448
27448
27447
27444
27437
27427
27419
27416
27405
27384
27370
27364
27357
27350
27340
27324
27301
27272
27272
27257
27255
27228
27208
27180
27165
27152
27146
27121
27111
27092
27084
27081
27055
27046
27034
27032
27029
27012
26997
26995
26984
26969
26966
26962
26961
26958
26957
26938
26922
26918
26899
26888
26872
26871
26860
26849
26848
26839
26836
26834
26810
26799
26786
26760
26755
26755
26733
26728
26723
26714
26677
26667
26662
26649
26645
26639
26637
26624
26621
26609
26606
26604
26602
26596
26587
26554
26547
26519
26515
26512
26495
26481
26473
26455
26453
26451
26447
26447
26444
26436
26433
26410
26406
26396
26357
26347
26340
26337
26327
26303
26303
26292
26289
26255
26252
26246
26239
26238
26219
26205
26190
26182
26157
26153
26151
26139
26134
26129
26129
26118
26107
26105
26090
26079
26078
26066
26060
26060
26033
26024
26019
26012
26005
25996
25988
25986
25976
25971
25971
25968
25955
25949
25949
25923
25906
25891
25889
25884
25883
25873
25861
25860
25826
25817
25787
25787
25786
25760
25734
25722
25714
25701
25700
25687
25683
25679
25676
25675
25669
25663
25657
25656
25653
25650
25650
25641
25632
25626
25619
25615
25597
25593
25592
25589
25585
25583
25567
25561
25470
25439
25436
25435
25427
25426
25420
25411
25408
25399
25393
25392
25377
25362
25353
25346
25338
25316
25303
25302
25280
25274
25265
25259
25257
25253
25247
25247
25243
25241
25213
25206
25202
25195
25180
25169
25165
25147
25129
25115
25106
25089
25083
25082
25076
25065
25043
25028
25021
25014
25009
24978
24946
24927
24917
24914
24913
24896
24891
24887
24882
24879
24842
24834
24832
24822
24805
24804
24803
24728
24719
24719
24681
24673
24672
24653
24647
24645
24629
24619
24586
24586
24562
24558
24546
24515
24492
24483
24482
24479
24477
24469
24468
24458
24450
24438
24432
24425
24422
24419
24418
24408
24390
24384
24384
24369
24341
24302
24301
24293
24271
24258
24231
24230
24225
24222
24219
24197
24183
24160
24142
24123
24122
24108
24098
24093
24092
24090
24071
24065
24059
24054
24034
24020
24015
24011
24008
23990
23985
23968
23965
23965
23951
23944
23939
23936
23935
23910
23897
23893
23889
23834
23833
23825
23823
23811
23806
23794
23780
23769
23765
23740
23740
23736
23733
23714
23713
23707
23706
23704
23701
23678
23662
23659
23657
23647
23638
23637
23625
23580
23578
23559
23559
23546
23529
23521
23519
23496
23496
23493
23487
23486
23459
23453
23443
23438
23435
23429
23422
23415
23411
23403
23392
23390
23386
23377
23377
23364
23360
23354
23340
23340
23339
23338
23332
23328
23326
23320
23317
23288
23286
23282
23273
23264
23260
23248
23240
23227
23225
23208
23201
23192
23184
23148
23140
23140
23139
23136
23096
23094
23087
23081
23078
23029
23027
23027
23019
23010
22996
22984
22978
22976
22974
22970
22967
22963
22945
22941
22936
22926
22916
22904
22902
22902
22901
22873
22865
22850
22841
22840
22837
22832
22817
22792
22787
22781
22773
22764
22753
22736
22735
22731
22716
22709
22695
22683
22680
22674
22670
22663
22646
22639
22613
22609
22607
22599
22589
22571
22558
22539
22500
22499
22490
22482
22479
22478
22470
22435
22435
22428
22421
22415
22411
22406
22405
22399
22377
22373
22371
22326
22325
22312
22302
22278
22275
22238
22237
22231
22230
22225
22221
22210
22209
22198
22196
22173
22173
22168
22159
22152
22150
22138
22131
22127
22114
22111
22090
22079
22058
22043
22042
22038
22035
22026
22016
22013
22005
21995
21980
21978
21974
21967
21948
21944
21941
21920
21911
21903
21885
21879
21875
21855
21851
21844
21813
21812
21809
21808
21802
21797
21797
21794
21780
21773
21764
21754
21752
21751
21749
21748
21731
21730
21704
21693
21688
21678
21636
21623
21619
21610
21565
21556
21537
21536
21534
21534
21520
21515
21500
21485
21469
21463
21458
21455
21445
21434
21426
21422
21420
21415
21413
21406
21393
21386
21359
21355
21349
21338
21328
21327
21316
21309
21302
21293
21254
21252
21232
21229
21228
21220
21216
21211
21188
21168
21165
21164
21153
21144
21144
21144
21138
21135
21129
21113
21108
21087
21051
21048
21045
21026
21019
21004
20979
20959
20927
20919
20914
20910
20903
20899
20895
20888
20874
20869
20867
20853
20845
20838
20831
20823
20816
20808
20794
20784
20784
20783
20782
20775
20762
20758
20754
20748
20737
20732
20728
20723
20712
20710
20702
20676
20668
20653
20651
20642
20629
20612
20609
20604
20583
20563
20539
20531
20523
20522
20512
20501
20470
20468
20449
20415
20413
20405
20404
20390
20385
20370
20369
20358
20354
20343
20340
20335
20308
20306
20300
20269
20260
20242
20224
20223
20222
20215
20209
20205
20202
20200
20199
20183
20150
20137
20134
20111
20104
20096
20093
20084
20046
20033
20024
20006
20004
20002
20000
19998
19998
19978
19956
19951
19948
19944
19939
19938
19924
19916
19912
19901
19897
19877
19876
19872
19862
19861
19855
19850
19829
19828
19817
19812
19808
19793
19777
19771
19757
19745
19739
19737
19729
19719
19719
19712
19689
19681
19670
19668
19657
19653
19652
19650
19609
19593
19588
19575
19571
19552
19551
19549
19531
19531
19526
19519
19513
19510
19508
19499
19484
19482
19461
19455
19433
19426
19425
19400
19388
19378
19370
19369
19369
19361
19358
19353
19350
19346
19342
19334
19324
19314
19306
19305
19272
19267
19249
19241
19227
19219
19217
19206
19192
19192
19187
19176
19170
19158
19138
19124
19121
19115
19092
19049
19049
19042
19021
19011
19002
19001
18992
18988
18982
18962
18958
18949
18942
18937
18935
18926
18920
18920
18899
18898
18896
18888
18881
18880
18880
18875
18866
18858
18854
18851
18846
18844
18842
18833
18828
18825
18823
18823
18822
18780
18776
18775
18769
18764
18739
18732
18720
18719
18710
18708
18708
18684
18681
18678
18675
18658
18652
18642
18641
18631
18631
18628
18624
18612
18608
18599
18559
18553
18539
18529
18508
18480
18456
18455
18449
18449
18436
18434
18417
18414
18413
18404
18404
18403
18372
18372
18367
18360
18355
18352
18350
18349
18348
18323
18318
18309
18272
18270
18266
18240
18237
18231
18216
18205
18193
18190
18168
18162
18153
18151
18146
18113
18110
18110
18108
18075
18070
18061
18058
18051
18047
18046
18033
18028
17977
17974
17970
17951
17947
17945
17945
17925
17920
17894
17870
17861
17856
17855
17855
17847
17843
17822
17820
17819
17811
17811
17807
17796
17754
17748
17744
17734
17727
17723
17720
17715
17708
17705
17702
17690
17686
17666
17657
17650
17641
17628
17627
17623
17612
17604
17600
17593
17591
17584
17576
17564
17563
17558
17550
17530
17526
17513
17511
17510
17507
17501
17501
17495
17486
17478
17472
17444
17440
17439
17432
17420
17409
17407
17399
17392
17389
17375
17372
17370
17367
17351
17343
17342
17341
17338
17327
17303
17298
17295
17276
17272
17243
17224
17207
17206
17203
17190
17180
17174
17157
17138
17136
17130
17126
17113
17107
17102
17092
17087
17082
17073
17048
17038
17025
17013
17007
16996
16977
16972
16971
16964
16964
16962
16950
16938
16909
16875
16872
16872
16858
16846
16839
16839
16830
16826
16822
16779
16778
16777
16775
16755
16754
16743
16737
16713
16706
16676
16676
16670
16663
16639
16621
16604
16599
16598
16586
16578
16567
16567
16562
16554
16541
16540
16525
16516
16513
16497
16492
16489
16486
16470
16462
16437
16436
16430
16419
16411
16405
16404
16404
16379
16378
16377
16377
16371
16360
16344
16334
16328
16315
16311
16307
16305
16300
16292
16282
16261
16259
16256
16241
16220
16218
16216
16216
16215
16197
16194
16180
16174
16173
16163
16160
16153
16137
16134
16126
16119
16113
16108
16102
16101
16100
16098
16088
16070
16070
16067
16062
16060
16040
16034
16022
16018
16009
15994
15994
15984
15969
15962
15940
15926
15911
15909
15891
15879
15856
15854
15843
15837
15836
15805
15791
15787
15785
15781
15769
15756
15739
15736
15733
15714
15681
15678
15671
15670
15663
15657
15639
15637
15626
15621
15614
15611
15609
15600
15599
15577
15557
15545
15545
15543
15542
15536
15522
15522
15516
15506
15484
15459
15455
15455
15454
15451
15447
15446
15432
15430
15420
15409
15394
15383
15367
15345
15344
15335
15332
15296
15294
15291
15285
15278
15277
15259
15257
15253
15250
15249
15206
15198
15196
15175
15144
15134
15123
15117
15104
15094
15092
15084
15076
15070
15061
15060
15060
15052
15046
15041
15034
15022
15013
15005
14993
14992
14990
14976
14969
14935
14934
14928
14925
14918
14909
14882
14877
14852
14840
14822
14802
14787
14765
14761
14748
14745
14740
14736
14734
14683
14669
14667
14661
14642
14640
14624
14618
14616
14615
14613
14605
14602
14594
14561
14558
14555
14555
14554
14535
14523
14500
14484
14471
14467
14467
14459
14457
14449
14415
14406
14368
14360
14358
14345
14345
14335
14321
14316
14315
14305
14289
14281
14277
14272
14266
14217
14192
14192
14186
14164
14153
14153
14152
14144
14136
14135
14129
14128
14125
14111
14098
14096
14094
14089
14060
14059
14059
14057
14051
14036
14004
13996
13977
13973
13962
13951
13923
13905
13901
13890
13889
13876
13873
13846
13843
13822
13791
13783
13774
13772
13762
13761
13757
13705
13700
13695
13685
13669
13668
13656
13654
13651
13641
13600
13592
13570
13563
13557
13523
13508
13507
13503
13491
13490
13456
13456
13427
13421
13418
13411
13410
13401
13383
13364
13349
13345
13331
13321
13319
13318
13303
13294
13287
13286
13281
13279
13278
13261
13249
13225
13218
13210
13210
13208
13203
13203
13175
13166
13123
13112
13080
13067
13064
13035
13015
13015
12990
12980
12960
12928
12911
12907
12893
12871
12847
12834
12809
12789
12788
12780
12775
12766
12726
12719
12700
12694
12684
12683
12672
12652
12640
12634
12624
12621
12602
12602
12576
12558
12553
12524
12523
12523
12516
12513
12500
12486
12483
12479
12454
12445
12432
12431
12409
12403
12395
12386
12377
12372
12354
12347
12317
12314
12311
12303
12298
12295
12290
12289
12280
12250
12241
12240
12238
12237
12235
12229
12222
12218
12216
12185
12170
12163
12160
12155
12137
12137
12137
12136
12130
12119
12114
12099
12068
12057
12045
12041
12036
12032
12025
12022
12002
11996
11989
11961
11961
11945
11925
11916
11900
11899
11897
11880
11868
11793
11776
11756
11741
11741
11737
11733
11716
11705
11699
11686
11673
11642
11622
11616
11607
11541
11536
11534
11521
11516
11512
11489
11480
11457
11456
11455
11453
11450
11446
11438
11432
11427
11414
11362
11344
11342
11342
11336
11332
11322
11313
11310
11305
11290
11289
11288
11288
11280
11262
11262
11259
11236
11232
11228
11218
11216
11212
11202
11195
11169
11168
11168
11156
11143
11134
11133
11122
11096
11090
11083
11070
11058
11053
11047
11046
11041
11027
11017
11013
11005
10985
10947
10946
10932
10926
10896
10870
10861
10840
10834
10832
10809
10808
10784
10781
10766
10757
10744
10732
10727
10695
10674
10663
10624
10621
10609
10567
10565
10554
10548
10544
10529
10522
10512
10508
10506
10477
10458
10445
10441
10437
10424
10391
10378
10376
10370
10369
10354
10340
10328
10324
10321
10319
10315
10308
10300
10298
10272
10269
10266
10255
10248
10245
10240
10218
10211
10209
10205
10202
10194
10133
10132
10127
10123
10121
10108
10094
10079
10072
10067
10065
10058
10029
10016
10007
10005
9985
9979
9975
9974
9959
9953
9941
9940
9921
9919
9914
9912
9908
9903
9849
9836
9819
9815
9804
9799
9798
9791
9788
9780
9772
9768
9757
9752
9731
9723
9707
9673
9673
9646
9622
9614
9614
9601
9595
9586
9578
9576
9560
9559
9555
9548
9540
9529
9510
9509
9503
9497
9479
9461
9450
9437
9434
9428
9421
9411
9399
9378
9366
9345
9336
9328
9327
9318
9308
9304
9295
9289
9285
9284
9247
9233
9209
9204
9203
9203
9200
9200
9180
9178
9174
9146
9144
9135
9105
9090
9068
9065
8968
8958
8946
8933
8922
8917
8894
8879
8870
8864
8863
8861
8858
8855
8843
8826
8824
8804
8802
8797
8791
8781
8778
8741
8731
8727
8719
8709
8708
8692
8691
8685
8672
8664
8664
8640
8632
8630
8620
8616
8613
8601
8600
8587
8587
8584
8583
8574
8568
8553
8529
8526
8515
8497
8494
8492
8480
8454
8445
8445
8442
8420
8420
8412
8411
8401
8396
8392
8385
8378
8377
8374
8368
8368
8343
8317
8311
8311
8295
8282
8277
8265
8259
8253
8252
8252
8242
8230
8213
8196
8189
8186
8172
8165
8165
8160
8156
8154
8152
8146
8138
8125
8115
8112
8107
8104
8102
8090
8090
8079
8058
8058
8048
8035
8005
7995
7983
7981
7967
7962
7951
7913
7907
7896
7884
7881
7869
7861
7860
7857
7837
7833
7828
7823
7812
7799
7797
7790
7788
7786
7770
7762
7756
7752
7736
7723
7723
7717
7707
7704
7696
7674
7652
7641
7627
7623
7614
7613
7609
7601
7601
7596
7592
7589
7561
7543
7540
7539
7537
7533
7529
7521
7518
7514
7496
7493
7484
7476
7475
7466
7452
7434
7427
7421
7416
7415
7408
7386
7371
7368
7346
7339
7331
7327
7322
7300
7276
7263
7238
7212
7203
7202
7199
7176
7113
7112
7110
7109
7088
7080
7075
7073
7053
7044
7018
7011
7011
7009
6996
6996
6985
6976
6964
6957
6952
6951
6949
6935
6922
6903
6899
6896
6892
6866
6844
6844
6820
6813
6801
6785
6759
6729
6720
6716
6713
6712
6705
6705
6691
6672
6663
6662
6655
6655
6648
6641
6635
6633
6620
6620
6598
6597
6588
6584
6577
6576
6573
6543
6540
6537
6536
6528
6515
6507
6501
6499
6477
6460
6451
6448
6439
6439
6427
6416
6399
6389
6382
6352
6351
6304
6300
6297
6288
6282
6277
6273
6264
6261
6239
6218
6208
6205
6199
6199
6195
6182
6170
6165
6157
6147
6146
6139
6139
6125
6124
6118
6105
6100
6059
6058
6051
6046
6039
6038
6034
6027
6020
6010
6000
5998
5983
5968
5959
5954
5949
5948
5942
5940
5937
5937
5932
5926
5862
5859
5849
5840
5819
5797
5769
5763
5756
5756
5744
5737
5730
5711
5693
5687
5679
5669
5654
5646
5620
5612
5606
5598
5595
5588
5584
5562
5559
5549
5540
5529
5528
5517
5513
5513
5504
5494
5490
5480
5479
5464
5445
5419
5419
5418
5416
5415
5413
5407
5402
5386
5367
5360
5358
5342
5309
5286
5285
5259
5255
5246
5242
5226
5208
5193
5186
5171
5171
5166
5156
5147
5136
5112
5112
5075
5057
5052
5038
5029
4974
4963
4919
4891
4879
4875
4863
4848
4845
4844
4839
4834
4826
4806
4801
4780
4767
4759
4750
4732
4719
4708
4703
4697
4691
4681
4678
4670
4668
4661
4659
4642
4639
4636
4628
4627
4627
4602
4596
4592
4578
4566
4533
4527
4517
4516
4507
4495
4488
4459
4458
4452
4424
4421
4419
4414
4413
4408
4403
4373
4371
4357
4332
4316
4314
4303
4270
4266
4250
4247
4233
4233
4227
4222
4213
4200
4184
4177
4164
4163
4159
4151
4148
4142
4131
4112
4104
4102
4098
4095
4078
4064
4063
4063
4043
4034
4021
4016
3992
3990
3984
3978
3973
3960
3960
3956
3953
3953
3951
3944
3941
3913
3899
3894
3893
3879
3879
3872
3849
3845
3839
3818
3797
3782
3775
3771
3743
3740
3737
3732
3718
3714
3699
3697
3672
3660
3654
3627
3613
3610
3599
3599
3596
3595
3592
3592
3581
3566
3521
3509
3497
3495
3491
3487
3460
3455
3442
3429
3395
3394
3389
3386
3382
3377
3360
3360
3349
3343
3342
3341
3337
3334
3323
3322
3301
3297
3294
3285
3256
3255
3255
3240
3239
3223
3217
3209
3187
3183
3179
3177
3172
3160
3156
3155
3150
3147
3146
3144
3143
3131
3122
3109
3106
3101
3084
3065
3065
3062
3058
3050
3040
3019
2999
2996
2990
2990
2983
2967
2957
2931
2905
2902
2901
2899
2894
2885
2884
2876
2874
2870
2861
2855
2847
2809
2804
2804
2789
2773
2772
2768
2758
2758
2740
2735
2734
2722
2721
2717
2701
2697
2692
2670
2666
2661
2629
2628
2626
2626
2604
2600
2594
2583
2579
2574
2574
2561
2539
2527
2503
2482
2479
2475
2473
2470
2470
2466
2461
2435
2416
2407
2378
2372
2349
2341
2340
2329
2294
2293
2292
2289
2277
2266
2261
2260
2250
2239
2230
2197
2192
2185
2172
2166
2166
2166
2151
2144
2144
2143
2137
2128
2124
2119
2111
2072
2067
2061
2045
2042
2041
2031
2002
1998
1952
1937
1926
1922
1912
1902
1892
1889
1874
1872
1854
1847
1817
1800
1787
1776
1767
1740
1722
1720
1703
1684
1682
1679
1666
1655
1655
1640
1626
1613
1608
1604
1585
1577
1558
1537
1534
1528
1524
1500
1496
1494
1485
1456
1455
1447
1431
1412
1396
1395
1388
1378
1374
1373
1346
1339
1332
1325
1323
1293
1288
1273
1273
1268
1239
1221
1208
1190
1189
1180
1166
1158
1143
1132
1115
1114
1113
1109
1095
1089
1081
1080
1035
1025
1010
980
977
954
950
924
923
916
908
901
878
877
857
854
840
829
824
795
779
772
760
735
734
728
726
715
709
697
691
665
659
650
644
636
610
609
608
607
604
600
586
578
576
572
548
546
537
534
480
469
448
428
425
419
409
388
371
370
366
359
353
351
349
344
328
324
320
315
311
295
277
275
274
257
252
252
214
200
192
184
163
153
129
127
127
126
114
106
99
98
89
61
53
42
27
21
12
11
