90905
90904
90930
90964
90960
90973
90986
90980
90809
90806
90811
90821
90839
90838
90838
90835
90849
90843
90706
90716
90716
90722
90749
90748
90748
90763
90778
90776
90772
90782
90790
90608
90608
90601
90600
90618
90617
90645
90666
90683
90502
90519
90514
90539
90538
90564
90577
90570
90586
90582
90408
90416
90434
90430
90481
90491
90318
90327
90337
90344
90357
90356
90350
90368
90378
90371
90381
90396
90215
90229
90223
90239
90238
90238
90242
90256
90137
90140
90155
90169
90168
90168
90163
90005
90023
90032
90058
90073
90088
90084
90090
91907
91900
91913
91925
91935
91982
91998
91807
91814
91814
91829
91822
91822
91842
91863
91879
91881
91708
91714
91721
91733
91733
91756
91776
91783
91797
91796
91790
91626
91620
91645
91640
91655
91651
91669
91661
91697
91692
91502
91515
91546
91550
91578
91573
91588
91584
91430
91316
91320
91339
91332
91348
91345
91342
91353
91373
91373
91372
91384
91380
91392
91217
91213
91229
91234
91246
91246
91259
91267
91279
91294
91115
91137
91136
91135
91155
91153
91152
91174
91184
91183
91182
91182
91197
91191
91009
91004
91013
91012
91011
91024
91022
91041
91059
91069
91081
92925
92933
92946
92946
92954
92978
92987
92986
92997
92996
92817
92825
92842
92860
92878
92898
92709
92722
92734
92732
92756
92755
92751
92751
92750
92767
92786
92790
92614
92636
92649
92641
92656
92667
92663
92672
92685
92685
92681
92692
92511
92529
92527
92527
92526
92523
92552
92550
92550
92572
92585
92595
92404
92414
92421
92465
92476
92309
92312
92320
92356
92355
92365
92382
92381
92396
92395
92392
92392
92392
92206
92205
92205
92236
92231
92240
92261
92260
92272
92101
92116
92135
92141
92163
92186
92185
92010
92010
92027
92023
92032
92097
92096
93907
93919
93915
93924
93974
93983
93807
93814
93813
93826
93837
93831
93846
93845
93850
93860
93877
93897
93745
93743
93750
93770
93789
93787
93791
93615
93611
93634
93633
93631
93651
93663
93675
93673
93685
93683
93519
93511
93510
93543
93566
93560
93570
93599
93429
93425
93434
93430
93457
93455
93467
93463
93493
93309
93319
93317
93328
93343
93361
93379
93372
93394
93203
93227
93247
93247
93255
93250
93267
93278
93275
93275
93273
93272
93108
93100
93118
93117
93110
93127
93123
93143
93152
93198
93196
93006
93011
93010
93024
93037
93034
93033
93047
93069
93063
93063
93086
93097
94907
94906
94928
94935
94946
94967
94961
94974
94992
94808
94826
94821
94857
94875
94888
94710
94710
94728
94724
94738
94737
94732
94744
94754
94753
94767
94772
94771
94798
94797
94794
94625
94620
94639
94636
94642
94659
94666
94676
94670
94696
94692
94501
94542
94579
94579
94576
94576
94573
94587
94415
94432
94448
94455
94478
94475
94486
94325
94332
94349
94346
94359
94369
94364
94370
94381
94399
94398
94204
94219
94227
94255
94279
94278
94281
94297
94291
94100
94112
94138
94136
94133
94133
94132
94149
94145
94155
94152
94195
94018
94010
94027
94034
94030
94045
94044
94056
94055
94077
94096
94092
95913
95948
95954
95953
95960
95976
95988
95988
95994
95993
95805
95805
95829
95823
95831
95845
95840
95853
95860
95884
95881
95890
95703
95726
95743
95742
95786
95785
95799
95793
95621
95647
95659
95656
95664
95692
95503
95512
95512
95512
95528
95522
95520
95534
95532
95542
95542
95558
95554
95553
95578
95578
95585
95585
95410
95429
95425
95420
95436
95432
95448
95447
95458
95483
95480
95496
95309
95304
95322
95336
95357
95351
95373
95397
95394
95390
95223
95239
95238
95273
95117
95114
95139
95137
95137
95136
95134
95155
95152
95166
95163
95160
95191
95006
95012
95037
95099
95098
95093
95090
96904
96935
96945
96942
96959
96817
96815
96814
96821
96835
96842
96854
96851
96860
96875
96880
96893
96892
96700
96711
96710
96729
96727
96726
96746
96741
96750
96767
96767
96788
96782
96782
96606
96601
96636
96659
96655
96677
96513
96526
96543
96558
96557
96553
96566
96561
96588
96582
96599
96593
96400
96417
96412
96411
96431
96453
96461
96303
96317
96324
96339
96337
96334
96333
96341
96358
96357
96363
96374
96382
96220
96246
96252
96266
96266
96270
96107
96105
96115
96138
96152
96150
96165
96173
96199
96197
96194
96008
96001
96001
96015
96036
96033
96054
96078
96073
96089
96081
96090
97901
97919
97913
97924
97923
97938
97951
97965
97971
97999
97996
97806
97803
97812
97811
97827
97841
97866
97862
97889
97885
97895
97719
97739
97738
97736
97733
97749
97747
97743
97765
97777
97771
97603
97615
97615
97612
97610
97631
97649
97647
97665
97670
97670
97682
97695
97502
97530
97546
97541
97553
97561
97578
97576
97584
97580
97599
97406
97412
97410
97428
97435
97442
97457
97487
97499
97495
97492
97338
97336
97332
97330
97348
97347
97341
97387
97391
97208
97228
97233
97246
97257
97252
97250
97278
97276
97285
97285
97283
97291
97110
97127
97137
97131
97145
97144
97140
97158
97163
97161
97161
97161
97177
97175
97007
97000
97018
97012
97039
97040
97062
97099
97090
98921
98939
98956
98954
98962
98961
98961
98970
98987
98812
98855
98850
98862
98874
98882
98892
98890
98706
98706
98717
98711
98760
98776
98775
98770
98781
98627
98626
98644
98643
98653
98666
98676
98689
98686
98681
98680
98698
98692
98508
98512
98524
98539
98557
98553
98550
98563
98599
98408
98406
98404
98403
98426
98439
98433
98430
98454
98461
98484
98495
98317
98317
98312
98312
98311
98321
98333
98349
98344
98341
98369
98360
98378
98377
98370
98383
98399
98206
98247
98254
98271
98285
98107
98104
98101
98117
98114
98139
98145
98141
98154
98161
98160
98188
98188
98187
98007
98018
98016
98010
98040
98040
98054
98051
98078
98095
99913
99912
99925
99931
99949
99969
99988
99984
99980
99800
99800
99841
99859
99853
99851
99867
99862
99861
99860
99875
99713
99710
99710
99729
99723
99733
99755
99752
99768
99773
99773
99787
99784
99784
99603
99601
99601
99611
99610
99632
99641
99655
99653
99667
99689
99687
99514
99527
99523
99537
99547
99559
99568
99566
99409
99407
99423
99436
99431
99467
99467
99462
99461
99471
99481
99492
99490
99305
99302
99324
99322
99356
99352
99377
99382
99399
99392
99226
99236
99230
99240
99269
99264
99261
99274
99272
99286
99296
99109
99102
99119
99120
99135
99133
99142
99155
99151
99160
99173
99189
99180
99000
99022
99032
99054
99069
99091
80947
80946
80955
80962
80974
80970
80989
80987
80819
80817
80815
80836
80835
80831
80854
80869
80860
80871
80899
80891
80702
80748
80772
80770
80612
80637
80630
80646
80645
80654
80651
80661
80674
80682
80694
80690
80512
80522
80522
80538
80564
80560
80574
80587
80400
80400
80427
80438
80436
80463
80463
80462
80477
80470
80480
80494
80323
80337
80335
80347
80360
80378
80372
80380
80393
80392
80202
80217
80245
80267
80262
80281
80129
80127
80145
80153
80167
80160
80184
80007
80000
80000
80014
80024
80024
80049
80040
80057
80068
80075
80088
80092
81909
81904
81918
81921
81933
81947
81955
81968
81962
81971
81971
81996
81994
81812
81810
81820
81830
81845
81843
81842
81869
81867
81862
81874
81872
81888
81705
81701
81719
81731
81731
81731
81746
81760
81774
81770
81799
81794
81608
81600
81600
81610
81624
81659
81655
81655
81655
81674
81670
81683
81694
81692
81539
81565
81564
81595
81594
81402
81400
81435
81457
81495
81309
81324
81339
81338
81334
81352
81350
81368
81367
81372
81388
81206
81206
81205
81238
81244
81255
81274
81284
81104
81104
81101
81114
81139
81140
81156
81165
81163
81178
81177
81188
81182
81008
81000
81025
81031
81031
81042
81042
81085
81083
81083
81081
81080
81091
82905
82901
82961
82806
82806
82805
82802
82801
82800
82817
82815
82828
82830
82876
82873
82885
82898
82892
82708
82703
82702
82727
82732
82741
82755
82797
82792
82626
82639
82631
82658
82518
82517
82514
82527
82543
82567
82567
82578
82576
82587
82586
82591
82422
82421
82449
82467
82476
82476
82472
82486
82319
82316
82314
82332
82344
82358
82352
82389
82389
82380
82397
82208
82208
82236
82240
82272
82289
82284
82282
82294
82104
82113
82121
82134
82130
82173
82187
82008
82008
82018
82028
82021
82032
82044
82043
82066
82065
82073
82082
82099
82099
82097
82097
83909
83902
83912
83922
83922
83940
83955
83976
83975
83975
83971
83985
83981
83999
83994
83813
83813
83825
83839
83831
83849
83843
83843
83841
83857
83856
83854
83886
83882
83899
83897
83704
83700
83747
83603
83652
83671
83688
83687
83687
83682
83509
83507
83514
83510
83528
83522
83522
83538
83536
83557
83556
83551
83568
83598
83594
83593
83591
83448
83450
83486
83482
83480
83490
83309
83306
83313
83322
83341
83353
83203
83227
83238
83244
83255
83253
83250
83275
83282
83296
83294
83122
83132
83130
83149
83145
83150
83169
83199
83198
83192
83190
83002
83014
83047
83086
84902
84919
84911
84926
84963
84962
84976
84988
84994
84804
84817
84811
84839
84833
84843
84857
84866
84882
84706
84701
84714
84712
84710
84731
84799
84796
84631
84640
84651
84665
84696
84510
84524
84549
84547
84555
84579
84599
84598
84593
84591
84405
84414
84447
84442
84460
84477
84475
84475
84473
84491
84308
84304
84301
84345
84344
84352
84379
84389
84380
84390
84202
84225
84222
84236
84254
84265
84273
84115
84115
84115
84120
84147
84180
84195
84193
84190
84026
84024
84024
84041
84059
84052
84088
84081
84080
84096
84092
85934
85934
85932
85947
85976
85986
85983
85825
85825
85820
85838
85851
85861
85899
85898
85700
85734
85734
85745
85740
85767
85766
85760
85789
85796
85791
85613
85610
85629
85629
85639
85630
85646
85642
85654
85682
85680
85697
85695
85693
85507
85520
85548
85558
85566
85562
85561
85586
85582
85419
85418
85414
85432
85449
85459
85458
85465
85464
85472
85470
85498
85492
85336
85334
85333
85330
85347
85344
85344
85353
85384
85209
85203
85219
85211
85232
85269
85283
85116
85125
85121
85139
85135
85152
85162
85183
85180
85034
85033
85031
85030
85047
85044
85059
86909
86913
86910
86924
86921
86948
86950
86950
86961
86974
86989
86803
86818
86813
86828
86826
86854
86877
86702
86710
86729
86726
86739
86747
86744
86741
86740
86756
86769
86767
86775
86787
86792
86792
86600
86618
86628
86632
86646
86642
86656
86653
86668
86679
86673
86682
86518
86511
86510
86524
86547
86557
86589
86586
86585
86590
86408
86415
86410
86420
86444
86457
86468
86479
86475
86488
86487
86482
86498
86496
86308
86301
86313
86324
86339
86331
86368
86361
86360
86371
86384
86380
86397
86206
86204
86202
86216
86211
86210
86238
86243
86258
86269
86267
86279
86270
86299
86294
86292
86103
86118
86148
86161
86179
86176
86187
86195
86190
86024
86047
86044
86040
86065
86070
86088
86081
87908
87901
87937
87953
87968
87975
87974
87982
87990
87809
87805
87803
87812
87810
87825
87832
87856
87866
87889
87883
87883
87880
87726
87721
87738
87760
87780
87792
87602
87613
87696
87535
87535
87549
87540
87555
87567
87565
87587
87581
87596
87423
87422
87438
87443
87457
87456
87475
87488
87491
87305
87315
87315
87314
87314
87326
87336
87350
87386
87201
87214
87212
87238
87238
87236
87235
87241
87240
87256
87253
87251
87282
87297
87123
87159
87164
87163
87173
87187
87003
87003
87013
87029
87026
87039
87048
87046
87050
87063
87088
87091
87090
87090
88919
88927
88926
88935
88941
88957
88964
88979
88981
88980
88814
88838
88866
88872
88889
88881
88736
88747
88765
88763
88760
88787
88787
88784
88797
88797
88614
88627
88624
88638
88642
88659
88654
88652
88650
88669
88675
88670
88683
88504
88500
88536
88549
88542
88542
88553
88571
88589
88596
88407
88418
88430
88447
88442
88440
88452
88466
88461
88461
88460
88498
88490
88317
88328
88326
88324
88335
88332
88343
88357
88364
88360
88372
88371
88380
88394
88208
88203
88254
88252
88250
88267
88260
88279
88277
88283
88280
88290
88109
88100
88112
88127
88124
88132
88140
88159
88154
88163
88160
88187
88183
88199
88193
88192
88017
88011
88022
88021
88040
88040
88057
88050
88066
88078
88072
88070
89902
89902
89922
89932
89931
89943
89960
89972
89971
89984
89818
89818
89823
89830
89842
89840
89868
89887
89886
89899
89898
89896
89707
89703
89701
89728
89722
89775
89784
89795
89791
89629
89637
89633
89631
89646
89646
89651
89681
89546
89559
89558
89556
89561
89560
89577
89571
89418
89427
89421
89449
89441
89454
89473
89472
89472
89488
89325
89337
89360
89202
89229
89254
89261
89260
89275
89271
89299
89297
89291
89117
89114
89127
89125
89144
89143
89156
89151
89178
89176
89174
89172
89182
89180
89190
89037
89058
89056
89054
89079
89071
89089
89097
89091
70908
70912
70910
70927
70922
70920
70954
70975
70972
70982
70998
70817
70815
70857
70877
70877
70877
70897
70897
70892
70890
70707
70703
70714
70720
70738
70745
70764
70764
70762
70760
70607
70616
70615
70611
70625
70625
70625
70624
70623
70636
70643
70658
70651
70677
70501
70515
70529
70533
70549
70544
70559
70564
70409
70403
70415
70438
70460
70476
70480
70496
70496
70309
70307
70305
70300
70317
70315
70326
70320
70320
70341
70340
70351
70362
70375
70374
70373
70382
70381
70397
70396
70209
70200
70211
70223
70249
70250
70264
70261
70281
70280
70298
70117
70120
70132
70168
70167
70165
70185
70004
70023
70020
70032
70030
70054
70073
70071
70070
71913
71929
71932
71930
71948
71958
71973
71988
71988
71992
71804
71800
71800
71844
71854
71860
71876
71888
71885
71882
71897
71704
71719
71714
71728
71721
71755
71763
71762
71779
71776
71605
71619
71610
71639
71635
71633
71641
71654
71667
71671
71671
71681
71698
71509
71501
71523
71538
71532
71532
71559
71553
71561
71560
71573
71586
71410
71420
71454
71453
71453
71462
71487
71486
71485
71481
71499
71303
71300
71316
71329
71327
71327
71324
71351
71368
71360
71383
71203
71201
71219
71213
71212
71212
71228
71226
71236
71233
71242
71274
71281
71296
71134
71134
71144
71143
71143
71151
71166
71164
71164
71196
71193
71191
71190
71025
71041
71062
71088
71095
72915
72923
72966
72977
72974
72984
72813
72811
72827
72836
72831
72844
72859
72877
72872
72870
72889
72886
72883
72895
72703
72746
72752
72750
72750
72788
72787
72793
72628
72621
72658
72656
72660
72693
72503
72502
72511
72527
72524
72551
72569
72565
72585
72599
72429
72444
72451
72464
72489
72485
72497
72309
72305
72303
72312
72324
72323
72348
72353
72377
72388
72383
72381
72381
72392
72209
72204
72214
72245
72243
72279
72279
72291
72290
72118
72112
72139
72136
72159
72174
72186
72184
72183
72183
72011
72010
72026
72022
72065
72079
72089
72093
73907
73901
73919
73920
73949
73943
73942
73968
73984
73801
73819
73814
73822
73821
73835
73834
73849
73855
73862
73872
73887
73881
73895
73893
73718
73729
73727
73737
73765
73762
73760
73772
73771
73785
73793
73607
73600
73618
73610
73635
73661
73671
73670
73684
73683
73683
73697
73692
73504
73510
73565
73589
73593
73409
73406
73436
73456
73454
73478
73472
73499
73494
73303
73303
73327
73326
73324
73343
73360
73372
73380
73396
73216
73246
73242
73274
73283
73291
73291
73291
73119
73111
73128
73124
73130
73141
73158
73157
73165
73189
73197
73195
73012
73027
73042
73041
73057
73078
73093
74905
74916
74914
74920
74974
74996
74995
74817
74815
74815
74813
74837
74833
74830
74830
74848
74854
74869
74886
74891
74709
74708
74703
74716
74713
74738
74735
74745
74757
74756
74754
74769
74768
74768
74767
74763
74771
74771
74791
74608
74606
74622
74621
74637
74633
74642
74640
74669
74669
74663
74662
74671
74689
74696
74691
74509
74503
74511
74528
74525
74539
74531
74545
74541
74555
74551
74574
74581
74594
74591
74405
74426
74424
74422
74421
74436
74430
74448
74441
74470
74496
74495
74300
74321
74357
74352
74367
74360
74378
74383
74396
74229
74236
74236
74233
74254
74266
74279
74106
74134
74156
74165
74160
74184
74197
74018
74013
74034
74045
74044
74057
74055
74079
74078
74071
74070
74081
75901
75917
75913
75928
75927
75953
75953
75961
75970
75986
75998
75803
75802
75800
75822
75836
75834
75844
75843
75842
75850
75869
75876
75887
75884
75899
75716
75738
75736
75756
75755
75753
75750
75767
75778
75771
75782
75638
75648
75654
75650
75667
75663
75697
75505
75518
75524
75522
75522
75538
75531
75546
75558
75565
75564
75575
75573
75570
75587
75599
75591
75424
75449
75455
75491
75319
75338
75346
75346
75344
75359
75369
75369
75397
75394
75204
75219
75211
75233
75268
75279
75274
75270
75284
75283
75297
75293
75107
75104
75117
75121
75137
75164
75162
75198
75012
75027
75034
75044
75041
75050
75070
75087
75096
76914
76929
76939
76947
76962
76978
76995
76847
76841
76859
76860
76889
76897
76894
76700
76728
76739
76778
76786
76793
76600
76636
76632
76685
76502
76538
76546
76541
76554
76578
76583
76590
76400
76414
76426
76446
76469
76460
76494
76310
76321
76338
76349
76354
76369
76365
76365
76363
76363
76209
76205
76202
76219
76218
76229
76233
76284
76280
76106
76102
76114
76112
76149
76145
76145
76151
76150
76190
76015
76026
76022
76021
76038
76033
76033
76047
76047
76057
76077
76073
76089
76085
76083
76098
76090
77915
77927
77937
77937
77934
77957
77957
77968
77971
77991
77809
77807
77806
77803
77843
77852
77861
77898
77719
77744
77743
77757
77750
77779
77780
77795
77609
77616
77639
77664
77672
77682
77698
77696
77696
77691
77507
77525
77534
77532
77569
77579
77573
77599
77594
77409
77407
77402
77413
77428
77437
77435
77435
77433
77447
77450
77475
77489
77481
77494
77304
77349
77343
77343
77340
77357
77356
77356
77353
77364
77360
77376
77373
77380
77392
77208
77216
77213
77213
77212
77224
77257
77255
77290
77106
77119
77126
77147
77147
77146
77145
77013
77029
77027
77021
77036
77049
77041
77059
77067
77065
77096
78904
78903
78913
78921
78934
78930
78967
78981
78826
78834
78842
78851
78867
78863
78862
78879
78874
78870
78719
78717
78728
78723
78736
78740
78764
78774
78770
78794
78792
78791
78600
78611
78621
78636
78653
78669
78673
78685
78504
78502
78516
78539
78536
78542
78554
78565
78560
78452
78452
78465
78477
78472
78471
78489
78304
78300
78316
78314
78329
78328
78339
78346
78343
78354
78352
78366
78361
78361
78392
78226
78248
78245
78252
78251
78269
78261
78281
78297
78293
78290
78290
78118
78128
78128
78126
78144
78171
78170
78187
78184
78007
78035
78046
78058
78062
78081
78099
78096
78091
79910
79935
79959
79958
79961
79973
79803
79801
79818
79812
79823
79835
79835
79845
79842
79850
79866
79866
79864
79882
79881
79726
79735
79731
79750
79777
79606
79602
79612
79622
79642
79666
79665
79687
79696
79695
79509
79517
79527
79525
79524
79522
79522
79520
79530
79547
79577
79570
79595
79593
79592
79402
79424
79434
79442
79496
79490
79306
79344
79367
79395
79390
79208
79206
79212
79224
79242
79242
79250
79264
79276
79275
79270
79289
79281
79294
79294
79291
79112
79139
79132
79147
79143
79155
79154
79152
79168
79165
79179
79173
79173
79187
79182
79181
79198
79190
79023
79042
79064
79095
60935
60930
60949
60949
60958
60954
60968
60974
60809
60804
60819
60811
60829
60834
60842
60866
60860
60877
60896
60709
60704
60733
60744
60756
60754
60767
60771
60615
60628
60634
60631
60651
60661
60676
60682
60699
60698
60694
60690
60515
60512
60529
60521
60558
60563
60561
60573
60585
60584
60407
60412
60436
60431
60462
60474
60487
60484
60481
60497
60493
60309
60314
60326
60349
60346
60343
60359
60357
60354
60369
60365
60360
60393
60208
60215
60212
60223
60221
60220
60232
60231
60276
60272
60272
60289
60298
60291
60126
60121
60131
60144
60165
60187
60006
60029
60023
60049
60056
60068
60079
60077
61919
61915
61915
61924
61933
61932
61962
61962
61995
61813
61826
61830
61847
61842
61857
61865
61864
61703
61719
61718
61718
61727
61734
61763
61770
61605
61610
61629
61627
61626
61637
61646
61655
61654
61676
61674
61672
61689
61508
61514
61540
61593
61406
61402
61416
61410
61428
61424
61430
61484
61305
61303
61316
61311
61324
61348
61350
61369
61365
61209
61205
61200
61216
61212
61241
61267
61276
61108
61104
61118
61113
61129
61162
61189
61180
61199
61002
61012
61036
61032
61046
61042
61056
61053
61069
61060
61088
61099
61094
62918
62910
62939
62947
62809
62846
62845
62851
62851
62850
62862
62861
62860
62887
62885
62883
62738
62747
62768
62764
62777
62771
62785
62781
62780
62798
62792
62607
62622
62633
62633
62640
62676
62674
62688
62698
62508
62518
62513
62528
62550
62577
62576
62582
62594
62592
62402
62419
62418
62429
62448
62447
62476
62480
62493
62490
62300
62318
62322
62368
62363
62373
62202
62218
62212
62229
62225
62259
62257
62264
62278
62298
62108
62119
62112
62127
62120
62149
62151
62175
62172
62194
62009
62021
62020
62039
62037
62032
62057
62075
63917
63927
63925
63922
63933
63930
63969
63979
63972
63971
63970
63995
63809
63830
63852
63879
63889
63888
63899
63893
63705
63701
63712
63723
63736
63734
63731
63731
63799
63794
63608
63607
63614
63629
63666
63665
63670
63685
63517
63517
63542
63540
63554
63597
63597
63597
63595
63404
63418
63427
63425
63439
63439
63443
63466
63479
63477
63475
63488
63492
63349
63347
63359
63355
63352
63350
63380
63392
63391
63210
63210
63221
63231
63257
63254
63265
63260
63270
63286
63100
63111
63128
63134
63145
63160
63187
63182
63198
63194
63008
63017
63012
63012
63028
63026
63023
63031
63042
63040
63072
63089
63086
63099
63098
64902
64923
64923
64965
64965
64976
64974
64824
64823
64839
64833
64867
64865
64888
64709
64716
64728
64733
64749
64757
64754
64763
64776
64783
64797
64620
64637
64634
64634
64630
64650
64669
64672
64507
64524
64532
64543
64554
64568
64563
64570
64580
64593
64591
64402
64426
64424
64437
64455
64452
64466
64465
64477
64497
64496
64305
64304
64304
64300
64317
64310
64328
64339
64338
64338
64332
64330
64362
64362
64378
64373
64391
64229
64227
64225
64264
64111
64122
64139
64142
64165
64163
64189
64182
64199
64191
64009
64039
64034
64047
64042
64069
64068
64067
64063
64060
64076
64082
64081
64094
64090
65905
65919
65914
65913
65957
65964
65960
65995
65818
65817
65816
65826
65822
65842
65858
65851
65870
65888
65894
65709
65704
65717
65744
65768
65761
65772
65784
65780
65798
65607
65602
65615
65633
65652
65652
65662
65678
65674
65683
65694
65694
65504
65519
65510
65538
65586
65584
65580
65416
65428
65425
65423
65446
65445
65440
65452
65469
65482
65495
65321
65337
65345
65352
65369
65382
65399
65396
65394
65394
65201
65223
65234
65255
65255
65269
65271
65289
65293
65290
65109
65119
65127
65123
65121
65146
65183
65183
65196
65018
65025
65025
65038
65040
65064
65063
65077
65095
65094
65090
65090
66903
66918
66923
66935
66948
66941
66977
66973
66973
66989
66989
66986
66999
66996
66993
66800
66823
66832
66842
66841
66862
66879
66880
66899
66763
66784
66783
66780
66780
66621
66620
66658
66655
66650
66689
66681
66503
66513
66510
66524
66536
66541
66566
66579
66578
66570
66589
66425
66421
66420
66420
66433
66448
66462
66470
66305
66315
66328
66338
66344
66343
66369
66369
66363
66360
66375
66373
66371
66381
66399
66203
66218
66216
66229
66226
66220
66230
66269
66276
66275
66102
66117
66148
66146
66143
66160
66172
66185
66180
66006
66017
66022
66035
66049
66047
66040
66057
66056
66054
66051
66088
66087
66093
67939
67947
67958
67966
67966
67960
67989
67994
67805
67855
67876
67899
67895
67700
67711
67722
67734
67733
67741
67741
67765
67761
67789
67799
67639
67633
67632
67641
67655
67655
67671
67682
67681
67523
67544
67542
67563
67561
67560
67560
67579
67597
67414
67410
67436
67433
67457
67456
67456
67466
67466
67492
67303
67301
67319
67314
67310
67328
67334
67345
67376
67371
67370
67389
67225
67249
67245
67256
67254
67253
67251
67270
67286
67117
67127
67159
67155
67153
67168
67164
67177
67175
67174
67182
67009
67029
67026
67022
67077
67084
67097
68907
68903
68959
68962
68983
68982
68998
68819
68822
68847
68851
68863
68881
68894
68892
68728
68745
68745
68775
68774
68770
68788
68783
68783
68603
68612
68632
68648
68641
68678
68677
68684
68698
68528
68538
68537
68536
68544
68597
68597
68595
68407
68405
68404
68449
68442
68441
68454
68476
68486
68498
68492
68314
68323
68336
68331
68330
68379
68387
68386
68225
68232
68253
68253
68105
68114
68111
68124
68148
68152
68166
68165
68178
68188
68000
68018
68028
68060
68096
68094
69905
69917
69920
69943
69820
69873
69872
69888
69884
69736
69733
69747
69746
69744
69742
69758
69778
69785
69793
69793
69618
69628
69628
69635
69647
69640
69657
69655
69689
69690
69513
69529
69525
69566
69571
69592
69419
69418
69417
69413
69410
69437
69460
69460
69470
69489
69483
69307
69305
69313
69311
69326
69323
69341
69369
69367
69366
69376
69385
69382
69217
69217
69216
69214
69224
69224
69220
69258
69254
69279
69285
69280
69111
69129
69122
69120
69136
69162
69179
69186
69197
69191
69190
69015
69012
69046
69071
69099
69090
50926
50926
50949
50944
50950
50979
50974
50995
50993
50809
50818
50849
50842
50857
50855
50869
50865
50860
50875
50871
50884
50882
50896
50896
50706
50705
50731
50730
50741
50759
50779
50789
50799
50602
50619
50617
50616
50611
50637
50632
50645
50669
50665
50660
50679
50689
50685
50684
50697
50516
50529
50554
50552
50567
50567
50563
50401
50411
50422
50433
50432
50430
50452
50468
50461
50461
50488
50492
50490
50300
50313
50324
50347
50366
50363
50389
50387
50399
50201
50222
50238
50237
50233
50243
50241
50255
50261
50271
50280
50296
50295
50107
50105
50112
50138
50137
50169
50161
50175
50173
50198
50197
50018
50013
50011
50025
50023
50022
50037
50047
50043
50040
50059
50073
50070
50096
50090
51909
51917
51935
51934
51947
51943
51957
51974
51989
51995
51816
51827
51825
51850
51868
51863
51879
51871
51882
51896
51702
51701
51716
51714
51736
51758
51752
51750
51769
51779
51774
51773
51638
51631
51630
51644
51651
51677
51676
51686
51684
51684
51683
51694
51506
51525
51534
51547
51544
51554
51569
51564
51583
51408
51408
51403
51417
51415
51433
51442
51450
51469
51460
51491
51490
51301
51300
51323
51340
51356
51351
51350
51360
51371
51382
51399
51395
51209
51237
51286
51285
51295
51119
51130
51157
51168
51167
51187
51184
51198
51194
51191
51009
51016
51012
51020
51039
51058
51098
51094
51091
52908
52926
52921
52938
52947
52944
52959
52967
52967
52960
52989
52999
52802
52814
52828
52826
52822
52847
52854
52878
52706
52712
52734
52740
52767
52795
52793
52791
52618
52617
52612
52627
52636
52641
52669
52668
52660
52675
52674
52682
52692
52509
52525
52544
52557
52555
52564
52579
52577
52575
52582
52596
52594
52594
52400
52426
52430
52445
52452
52471
52496
52300
52325
52341
52340
52353
52360
52370
52243
52262
52289
52286
52282
52297
52297
52297
52296
52295
52121
52135
52135
52154
52164
52188
52187
52183
52007
52002
52011
52049
52044
52041
52054
52053
52051
52067
52062
52079
52088
52081
53902
53937
53936
53949
53975
53981
53805
53845
53898
53898
53897
53891
53706
53700
53714
53747
53741
53754
53767
53767
53779
53778
53771
53770
53787
53783
53798
53666
53689
53696
53507
53504
53503
53501
53536
53535
53533
53552
53562
53577
53586
53586
53583
53581
53596
53596
53594
53408
53407
53400
53449
53449
53468
53465
53461
53483
53499
53312
53312
53336
53335
53333
53344
53359
53366
53385
53382
53398
53208
53204
53237
53242
53253
53251
53269
53271
53108
53111
53110
53135
53140
53151
53172
53183
53191
53004
53019
53022
53037
53048
53046
53053
53075
53070
53070
54939
54947
54945
54945
54941
54953
54964
54972
54996
54811
54821
54820
54852
54863
54886
54884
54890
54738
54736
54767
54779
54784
54604
54610
54627
54631
54645
54658
54652
54660
54672
54688
54507
54522
54537
54552
54551
54567
54565
54564
54576
54586
54584
54583
54400
54428
54426
54420
54432
54446
54459
54453
54466
54461
54460
54480
54494
54306
54304
54312
54321
54338
54337
54343
54375
54389
54397
54210
54234
54243
54256
54269
54284
54297
54290
54117
54115
54134
54133
54140
54153
54186
54195
54194
54005
54004
54016
54033
54046
54042
54051
54069
54061
54091
55907
55900
55920
55957
55968
55990
55850
55876
55889
55700
55727
55737
55732
55732
55759
55753
55762
55761
55788
55783
55781
55780
55605
55653
55689
55685
55694
55693
55693
55504
55511
55528
55525
55548
55566
55564
55586
55583
55594
55593
55420
55458
55455
55468
55463
55477
55476
55475
55492
55491
55303
55319
55323
55322
55320
55335
55357
55353
55351
55379
55373
55399
55399
55391
55209
55204
55255
55270
55101
55118
55146
55159
55153
55169
55166
55161
55178
55185
55009
55015
55012
55010
55046
55043
55040
55051
55068
55060
55077
55080
56961
56974
56972
56800
56819
56848
56858
56856
56855
56862
56899
56702
56710
56710
56727
56738
56734
56730
56741
56756
56768
56760
56778
56613
56623
56647
56643
56640
56674
56670
56501
56549
56546
56556
56565
56571
56587
56580
56595
56402
56415
56433
56443
56453
56488
56481
56307
56306
56327
56349
56359
56363
56371
56380
56393
56211
56210
56229
56223
56244
56241
56256
56256
56265
56263
56282
56280
56297
56293
56103
56119
56124
56121
56135
56145
56158
56152
56152
56183
56194
56001
56016
56012
56026
56026
56024
56036
56046
56044
56067
56064
56062
57906
57911
57929
57928
57938
57931
57930
57950
57978
57981
57997
57845
57868
57875
57883
57707
57704
57704
57721
57764
57779
57609
57605
57601
57627
57648
57656
57679
57672
57683
57506
57501
57500
57512
57547
57541
57564
57577
57437
57432
57462
57498
57302
57315
57329
57326
57339
57349
57354
57375
57387
57382
57399
57207
57213
57235
57246
57256
57254
57263
57105
57100
57115
57128
57126
57147
57146
57167
57161
57171
57188
57193
57190
57006
57005
57001
57014
57010
57027
57022
57035
57032
57032
57047
57045
57044
57068
57083
57098
57095
57094
57090
58904
58919
58926
58941
58967
58979
58979
58978
58984
58984
58996
58994
58993
58806
58818
58814
58826
58824
58839
58833
58845
58856
58853
58891
58705
58714
58723
58730
58774
58797
58794
58790
58626
58626
58638
58646
58670
58688
58684
58684
58681
58699
58509
58537
58534
58543
58542
58558
58554
58569
58570
58404
58416
58414
58414
58444
58488
58487
58483
58499
58307
58306
58305
58301
58325
58332
58332
58342
58350
58368
58368
58242
58258
58258
58252
58269
58278
58283
58296
58100
58116
58112
58135
58144
58168
58165
58181
58180
58180
58192
58191
58009
58023
58034
58033
58044
58040
58060
58084
59907
59938
59947
59955
59978
59975
59973
59981
59993
59809
59829
59828
59825
59857
59854
59866
59864
59874
59887
59892
59714
59739
59733
59733
59741
59740
59754
59751
59788
59788
59607
59615
59630
59677
59687
59697
59501
59539
59537
59535
59531
59542
59569
59569
59563
59574
59570
59589
59409
59414
59413
59428
59463
59461
59487
59485
59493
59304
59319
59310
59336
59334
59334
59358
59352
59350
59376
59370
59386
59381
59208
59206
59216
59215
59222
59259
59258
59109
59108
59106
59118
59124
59122
59122
59136
59146
59156
59151
59161
59173
59193
59015
59025
59024
59059
59070
59086
59086
59084
59090
40907
40914
40927
40937
40936
40936
40935
40945
40959
40958
40956
40951
40968
40963
40962
40976
40972
40980
40980
40999
40819
40817
40811
40827
40832
40843
40840
40853
40728
40740
40766
40762
40789
40789
40799
40798
40607
40605
40600
40620
40630
40659
40672
40699
40699
40699
40698
40519
40511
40523
40537
40556
40556
40571
40588
40582
40598
40418
40413
40423
40439
40434
40458
40450
40465
40460
40475
40486
40483
40481
40494
40309
40303
40311
40324
40338
40337
40333
40340
40352
40352
40371
40387
40382
40207
40217
40221
40237
40237
40250
40287
40105
40104
40102
40117
40126
40143
40164
40181
40193
40002
40013
40049
40041
40040
40054
40066
40065
40060
40079
41912
41926
41925
41937
41946
41951
41979
41996
41802
41817
41816
41812
41811
41827
41833
41845
41708
41705
41702
41718
41712
41711
41757
41763
41762
41787
41787
41784
41780
41798
41629
41625
41632
41630
41650
41650
41650
41661
41693
41690
41512
41523
41549
41558
41553
41575
41427
41425
41424
41446
41466
41465
41481
41498
41307
41318
41312
41326
41339
41349
41347
41346
41343
41357
41365
41365
41375
41374
41372
41389
41383
41391
41207
41207
41210
41238
41244
41251
41267
41267
41264
41262
41273
41288
41297
41109
41109
41107
41102
41138
41137
41149
41150
41165
41164
41184
41199
41197
41190
41001
41000
41012
41028
41024
41036
41049
41048
41058
41057
41075
41084
41081
41080
41097
41095
42901
42901
42927
42934
42957
42954
42971
42988
42821
42821
42833
42850
42872
42888
42881
42898
42891
42746
42769
42772
42601
42611
42622
42638
42643
42652
42667
42667
42687
42682
42514
42514
42529
42548
42547
42558
42577
42575
42573
42580
42597
42426
42423
42438
42437
42432
42431
42430
42446
42441
42483
42482
42329
42343
42341
42375
42386
42397
42396
42395
42204
42211
42210
42222
42246
42256
42273
42271
42294
42104
42178
42184
42005
42000
42016
42014
42023
42022
42021
42040
42065
42078
42074
42080
42095
42093
43925
43920
43946
43943
43956
43955
43968
43990
43808
43803
43816
43812
43827
43838
43840
43864
43878
43871
43888
43708
43706
43713
43732
43747
43742
43768
43764
43761
43782
43604
43638
43638
43634
43643
43643
43643
43657
43660
43679
43681
43698
43518
43511
43526
43538
43538
43556
43556
43560
43588
43581
43594
43403
43400
43418
43429
43449
43448
43453
43467
43478
43478
43499
43493
43491
43491
43301
43314
43314
43313
43325
43339
43334
43344
43353
43367
43378
43380
43208
43213
43233
43230
43246
43270
43293
43102
43129
43124
43132
43167
43161
43185
43199
43194
43014
43028
43023
43037
43030
43046
43051
43050
43077
43082
44908
44914
44939
44936
44934
44943
44958
44954
44951
44963
44987
44980
44994
44992
44817
44817
44816
44824
44831
44845
44859
44877
44873
44884
44880
44899
44707
44713
44710
44730
44772
44770
44793
44609
44610
44652
44665
44685
44683
44698
44696
44694
44503
44502
44527
44532
44552
44551
44564
44579
44579
44570
44586
44596
44593
44591
44424
44448
44467
44476
44484
44490
44314
44311
44327
44349
44348
44359
44358
44369
44368
44377
44377
44370
44386
44383
44215
44214
44229
44224
44223
44231
44259
44256
44254
44251
44115
44124
44147
44151
44166
44184
44199
44199
44007
44001
44001
44027
44039
44045
44062
44085
44080
45901
45916
45915
45914
45912
45929
45933
45933
45959
45956
45953
45977
45970
45987
45983
45981
45981
45980
45999
45836
45856
45856
45862
45884
45883
45891
45745
45774
45783
45798
45602
45601
45639
45642
45669
45664
45685
45680
45699
45692
45508
45500
45520
45547
45552
45400
45419
45429
45426
45420
45449
45448
45456
45471
45488
45308
45300
45319
45312
45336
45335
45335
45346
45360
45379
45370
45380
45399
45393
45203
45200
45248
45277
45272
45285
45299
45292
45292
45109
45114
45140
45157
45153
45150
45181
45059
45057
45069
45087
45087
45097
45092
45091
46916
46921
46933
46933
46930
46975
46972
46988
46997
46996
46803
46829
46826
46838
46833
46847
46866
46862
46862
46883
46704
46727
46724
46736
46745
46758
46752
46769
46768
46761
46761
46787
46795
46608
46608
46612
46631
46647
46659
46652
46664
46662
46504
46503
46501
46501
46511
46540
46555
46569
46567
46564
46561
46561
46570
46580
46599
46406
46401
46413
46413
46427
46437
46458
46463
46497
46493
46319
46314
46310
46326
46326
46336
46349
46359
46365
46393
46393
46207
46206
46217
46245
46269
46261
46275
46107
46100
46116
46114
46141
46177
46177
46186
46018
46013
46045
46040
46077
46074
46086
46099
47926
47949
47942
47955
47955
47963
47971
47807
47820
47849
47851
47868
47878
47878
47897
47893
47721
47740
47757
47750
47795
47791
47625
47639
47633
47649
47658
47661
47679
47684
47681
47697
47501
47518
47516
47525
47525
47522
47533
47545
47545
47542
47541
47554
47569
47579
47580
47419
47429
47446
47450
47472
47494
47490
47302
47316
47328
47321
47339
47336
47335
47343
47368
47368
47366
47374
47389
47388
47209
47222
47263
47278
47289
47292
47101
47118
47111
47139
47140
47155
47152
47171
47187
47184
47182
47193
47006
47010
47049
47046
47045
47044
47056
47054
47069
47072
47089
47083
47097
47092
47090
48915
48931
48941
48965
48971
48982
48996
48991
48809
48807
48803
48818
48816
48825
48832
48832
48844
48853
48865
48889
48889
48888
48886
48886
48891
48715
48721
48749
48745
48759
48752
48766
48760
48777
48788
48798
48791
48603
48626
48622
48673
48682
48698
48534
48532
48530
48557
48554
48562
48573
48582
48592
48403
48402
48400
48417
48416
48439
48436
48430
48430
48442
48455
48469
48462
48476
48304
48304
48328
48328
48328
48321
48348
48343
48366
48362
48361
48395
48209
48219
48229
48227
48251
48250
48279
48288
48285
48114
48128
48156
48168
48183
48196
48016
48028
48024
48021
48030
48048
48054
48053
48073
49903
49916
49912
49923
49939
49935
49954
49954
49967
49982
49804
49813
49828
49832
49830
49830
49848
49859
49857
49854
49884
49710
49728
49754
49777
49770
49798
49618
49615
49613
49636
49632
49631
49652
49674
49670
49681
49694
49500
49528
49526
49525
49578
49583
49591
49409
49400
49423
49438
49430
49446
49464
49481
49495
49492
49490
49307
49329
49327
49341
49356
49364
49382
49203
49203
49202
49200
49219
49225
49234
49234
49246
49257
49257
49289
49285
49101
49114
49148
49154
49150
49169
49160
49177
49172
49198
49193
49000
49023
49038
49053
49077
49089
49088
30929
30939
30934
30958
30950
30986
30994
30991
30991
30809
30807
30802
30843
30840
30855
30854
30852
30852
30867
30871
30881
30894
30709
30702
30715
30735
30731
30756
30754
30763
30779
30777
30773
30770
30612
30611
30623
30667
30675
30672
30689
30680
30699
30698
30696
30695
30507
30506
30511
30535
30557
30552
30567
30598
30591
30404
30413
30433
30433
30468
30460
30477
30477
30495
30494
30493
30303
30301
30311
30338
30336
30335
30348
30348
30347
30340
30359
30363
30362
30361
30386
30398
30224
30222
30243
30254
30251
30263
30260
30273
30271
30299
30108
30114
30128
30126
30122
30133
30168
30167
30007
30015
30022
30021
30043
30058
30061
30077
30095
31924
31943
31959
31974
31973
31993
31993
31826
31849
31848
31853
31876
31896
31705
31705
31715
31712
31720
31747
31746
31741
31751
31750
31777
31776
31773
31785
31790
31603
31624
31643
31652
31664
31673
31682
31502
31546
31541
31554
31553
31565
31576
31587
31592
31403
31402
31442
31493
31491
31314
31312
31329
31323
31339
31361
31380
31395
31224
31235
31234
31233
31230
31246
31263
31287
31108
31112
31130
31162
31171
31008
31001
31017
31016
31036
31040
31050
31083
31083
31081
31096
31093
32966
32972
32988
32999
32825
32854
32868
32879
32707
32717
32720
32739
32737
32749
32752
32777
32787
32796
32794
32793
32606
32638
32634
32649
32640
32657
32675
32696
32512
32523
32520
32568
32586
32592
32405
32413
32429
32446
32455
32495
32317
32321
32337
32330
32353
32369
32382
32397
32391
32226
32239
32230
32240
32261
32260
32278
32296
32103
32103
32114
32120
32136
32140
32157
32157
32155
32188
32185
32185
32196
32006
32005
32017
32035
32043
32058
32056
32052
32088
32087
32080
33902
33924
33932
33949
33940
33958
33956
33962
33979
33985
33827
33820
33836
33854
33868
33867
33878
33876
33886
33709
33710
33720
33738
33734
33733
33732
33745
33768
33763
33778
33770
33770
33617
33612
33633
33649
33659
33676
33689
33695
33690
33509
33514
33524
33546
33546
33544
33540
33551
33569
33578
33583
33407
33424
33430
33449
33442
33467
33466
33462
33488
33487
33337
33347
33342
33340
33352
33376
33387
33399
33394
33390
33205
33217
33210
33239
33238
33231
33258
33255
33250
33268
33267
33270
33288
33292
33128
33126
33151
33151
33169
33179
33179
33176
33009
33039
33056
33077
33073
33070
33092
34913
34921
34939
34938
34930
34941
34986
34982
34981
34997
34992
34807
34832
34847
34858
34856
34869
34861
34887
34895
34892
34892
34891
34890
34732
34743
34740
34758
34768
34768
34764
34761
34770
34787
34781
34780
34600
34629
34621
34620
34636
34631
34668
34699
34506
34529
34520
34531
34578
34578
34581
34412
34429
34425
34440
34458
34467
34466
34478
34476
34474
34489
34318
34315
34313
34327
34347
34350
34360
34378
34388
34382
34396
34201
34216
34215
34214
34221
34235
34235
34233
34249
34247
34244
34252
34252
34265
34293
34293
34111
34141
34174
34188
34185
34185
34180
34016
34011
34043
34043
34059
34097
34096
35922
35939
35934
35930
35954
35954
35962
35979
35986
35980
35808
35814
35830
35849
35845
35853
35850
35876
35875
35885
35883
35706
35703
35700
35730
35730
35755
35789
35783
35781
35780
35792
35607
35602
35618
35614
35625
35622
35649
35647
35642
35640
35656
35652
35661
35678
35677
35673
35693
35509
35503
35533
35545
35542
35541
35569
35585
35584
35599
35414
35429
35425
35431
35443
35479
35472
35484
35484
35483
35481
35497
35307
35304
35342
35359
35353
35352
35369
35384
35398
35394
35203
35219
35228
35225
35258
35258
35268
35268
35278
35271
35101
35110
35130
35155
35151
35150
35168
35166
35176
35182
35191
35191
35007
35005
35001
35016
35012
35011
35024
35057
35079
35076
35084
36957
36969
36963
36977
36970
36981
36997
36803
36822
36839
36834
36834
36849
36847
36850
36865
36863
36886
36881
36893
36701
36721
36749
36747
36767
36785
36793
36600
36629
36628
36624
36639
36632
36631
36642
36640
36657
36650
36689
36689
36692
36514
36548
36540
36553
36564
36595
36594
36408
36401
36401
36400
36418
36412
36426
36446
36442
36469
36472
36480
36480
36495
36302
36331
36343
36342
36389
36388
36384
36383
36383
36393
36202
36235
36256
36262
36270
36280
36117
36116
36116
36110
36110
36125
36157
36168
36174
36185
36019
36021
36037
36035
36034
36041
36068
36084
36097
36091
37908
37917
37912
37945
37957
37967
37979
37970
37981
37980
37804
37803
37827
37826
37855
37862
37872
37870
37898
37896
37890
37709
37723
37794
37602
37601
37621
37646
37656
37674
37689
37691
37508
37505
37505
37501
37501
37515
37513
37530
37540
37552
37567
37575
37598
37405
37416
37410
37425
37435
37430
37443
37468
37477
37470
37481
37493
37306
37305
37321
37335
37343
37354
37354
37361
37377
37388
37384
37205
37223
37242
37251
37264
37276
37288
37298
37294
37293
37135
37133
37147
37143
37142
37152
37178
37178
37171
37182
37196
37016
37029
37036
37031
37031
37049
37072
37070
37080
38927
38933
38949
38948
38963
38974
38986
38984
38991
38802
38802
38816
38828
38833
38879
38878
38708
38723
38736
38735
38747
38741
38758
38757
38764
38779
38778
38775
38775
38782
38795
38600
38616
38611
38637
38640
38659
38655
38652
38674
38689
38685
38692
38503
38518
38515
38511
38511
38510
38527
38520
38545
38541
38558
38558
38576
38571
38570
38582
38594
38591
38400
38445
38444
38452
38472
38482
38303
38327
38343
38341
38341
38367
38362
38378
38373
38373
38393
38392
38391
38204
38203
38203
38210
38232
38255
38254
38281
38297
38295
38105
38116
38132
38148
38142
38163
38160
38188
38188
38185
38183
38198
38197
38018
38014
38024
38037
38042
38040
38058
38056
38056
38051
38075
38087
38086
38081
38099
39906
39901
39922
39921
39937
39979
39972
39988
39818
39815
39826
39825
39846
39850
39875
39883
39894
39890
39702
39719
39710
39735
39746
39756
39754
39764
39779
39776
39772
39788
39782
39603
39612
39610
39624
39637
39659
39658
39658
39658
39654
39668
39663
39672
39689
39683
39507
39514
39512
39547
39546
39541
39553
39566
39560
39579
39574
39409
39444
39453
39464
39460
39478
39492
39336
39344
39356
39351
39377
39387
39209
39222
39245
39240
39289
39281
39297
39119
39111
39157
39151
39165
39160
39191
39015
39037
39036
39031
39047
39052
39083
20903
20919
20914
20910
20927
20959
20979
20808
20816
20823
20838
20831
20845
20853
20869
20867
20874
20888
20899
20895
20702
20712
20710
20728
20723
20737
20732
20748
20758
20754
20762
20775
20784
20784
20783
20782
20794
20609
20604
20612
20629
20642
20653
20651
20668
20676
20501
20512
20523
20522
20539
20531
20563
20583
20405
20404
20415
20413
20449
20468
20470
20308
20306
20300
20335
20343
20340
20358
20354
20369
20370
20385
20390
20209
20205
20202
20200
20215
20224
20223
20222
20242
20269
20260
20104
20111
20137
20134
20150
20183
20199
20006
20004
20002
20000
20024
20033
20046
20084
20096
20093
21903
21911
21920
21948
21944
21941
21967
21978
21974
21980
21995
21809
21808
21802
21813
21812
21844
21855
21851
21879
21875
21885
21704
21731
21730
21749
21748
21754
21752
21751
21764
21773
21780
21797
21797
21794
21619
21610
21623
21636
21678
21688
21693
21500
21515
21520
21537
21536
21534
21534
21556
21565
21406
21415
21413
21426
21422
21420
21434
21445
21458
21455
21469
21463
21485
21309
21302
21316
21328
21327
21338
21349
21359
21355
21386
21393
21216
21211
21229
21228
21220
21232
21254
21252
21293
21108
21113
21129
21138
21135
21144
21144
21144
21153
21168
21165
21164
21188
21004
21019
21026
21048
21045
21051
21087
22904
22902
22902
22901
22916
22926
22936
22945
22941
22967
22963
22978
22976
22974
22970
22984
22996
22817
22837
22832
22841
22840
22850
22865
22873
22709
22716
22736
22735
22731
22753
22764
22773
22787
22781
22792
22609
22607
22613
22639
22646
22663
22674
22670
22683
22680
22695
22500
22539
22558
22571
22589
22599
22406
22405
22415
22411
22428
22421
22435
22435
22479
22478
22470
22482
22499
22490
22302
22312
22326
22325
22377
22373
22371
22399
22209
22210
22225
22221
22238
22237
22231
22230
22278
22275
22114
22111
22127
22138
22131
22159
22152
22150
22168
22173
22173
22198
22196
22005
22016
22013
22026
22038
22035
22043
22042
22058
22079
22090
23910
23939
23936
23935
23944
23951
23968
23965
23965
23985
23990
23806
23811
23825
23823
23834
23833
23889
23897
23893
23707
23706
23704
23701
23714
23713
23736
23733
23740
23740
23769
23765
23780
23794
23625
23638
23637
23647
23659
23657
23662
23678
23519
23529
23521
23546
23559
23559
23578
23580
23403
23415
23411
23429
23422
23438
23435
23443
23459
23453
23487
23486
23496
23496
23493
23317
23328
23326
23320
23339
23338
23332
23340
23340
23354
23364
23360
23377
23377
23386
23392
23390
23208
23201
23227
23225
23248
23240
23264
23260
23273
23288
23286
23282
23139
23136
23148
23140
23140
23184
23192
23019
23010
23029
23027
23027
23078
23087
23081
23096
23094
24917
24914
24913
24927
24946
24978
24805
24804
24803
24822
24834
24832
24842
24879
24887
24882
24896
24891
24719
24719
24728
24619
24629
24647
24645
24653
24673
24672
24681
24515
24546
24558
24562
24586
24586
24408
24419
24418
24425
24422
24438
24432
24458
24450
24469
24468
24479
24477
24483
24482
24492
24302
24301
24341
24369
24384
24384
24390
24219
24225
24222
24231
24230
24258
24271
24293
24108
24123
24122
24142
24160
24183
24197
24008
24015
24011
24020
24034
24059
24054
24065
24071
24098
24093
24092
24090
25906
25923
25949
25949
25955
25968
25976
25971
25971
25988
25986
25996
25817
25826
25861
25860
25873
25889
25884
25883
25891
25701
25700
25714
25722
25734
25760
25787
25787
25786
25619
25615
25626
25632
25641
25657
25656
25653
25650
25650
25669
25663
25679
25676
25675
25687
25683
25567
25561
25589
25585
25583
25597
25593
25592
25408
25411
25427
25426
25420
25439
25436
25435
25470
25303
25302
25316
25338
25346
25353
25362
25377
25399
25393
25392
25206
25202
25213
25247
25247
25243
25241
25259
25257
25253
25265
25274
25280
25106
25115
25129
25147
25169
25165
25180
25195
25009
25014
25028
25021
25043
25065
25076
25089
25083
25082
26918
26922
26938
26958
26957
26969
26966
26962
26961
26984
26997
26995
26810
26839
26836
26834
26849
26848
26860
26872
26871
26888
26899
26714
26728
26723
26733
26755
26755
26760
26786
26799
26609
26606
26604
26602
26624
26621
26639
26637
26649
26645
26667
26662
26677
26519
26515
26512
26547
26554
26587
26596
26406
26410
26436
26433
26447
26447
26444
26455
26453
26451
26473
26481
26495
26303
26303
26327
26337
26347
26340
26357
26396
26205
26219
26239
26238
26246
26255
26252
26289
26292
26107
26105
26118
26129
26129
26139
26134
26157
26153
26151
26182
26190
26005
26019
26012
26024
26033
26066
26060
26060
26079
26078
26090
27917
27923
27932
27932
27947
27951
27966
27965
27980
27993
27809
27829
27848
27843
27876
27876
27882
27880
27898
27897
27895
27891
27891
27702
27714
27713
27721
27738
27737
27762
27788
27784
27792
27605
27604
27619
27616
27637
27630
27649
27671
27684
27680
27693
27507
27517
27510
27526
27522
27533
27546
27543
27556
27555
27553
27579
27577
27593
27405
27419
27416
27427
27437
27448
27448
27447
27444
27457
27473
27485
27495
27301
27324
27340
27357
27350
27364
27370
27384
27208
27228
27257
27255
27272
27272
27111
27121
27146
27152
27165
27180
27012
27029
27034
27032
27046
27055
27084
27081
27092
28903
28917
28917
28934
28932
28945
28956
28968
28975
28981
28981
28806
28819
28817
28833
28832
28844
28843
28858
28887
28891
28706
28713
28738
28750
28765
28775
28775
28785
28791
28605
28634
28649
28656
28666
28661
28679
28674
28696
28501
28517
28529
28533
28533
28547
28554
28550
28575
28572
28583
28407
28412
28425
28436
28430
28478
28472
28486
28497
28493
28490
28304
28317
28325
28322
28344
28357
28350
28379
28372
28382
28209
28226
28220
28235
28268
28278
28272
28281
28298
28295
28109
28101
28126
28138
28138
28136
28135
28132
28154
28169
28191
28003
28034
28033
28033
28031
28052
28088
28086
28092
29901
29900
29926
29923
29932
29950
29973
29985
29981
29995
29810
29823
29838
29836
29835
29859
29858
29855
29877
29880
29729
29774
29783
29798
29795
29607
29612
29612
29621
29631
29642
29640
29656
29686
29690
29508
29529
29527
29540
29564
29586
29580
29406
29422
29438
29304
29303
29338
29349
29347
29358
29357
29363
29378
29377
29216
29210
29226
29245
29258
29267
29272
29292
29290
29106
29103
29100
29140
29155
29150
29161
29160
29175
29173
29197
29007
29005
29002
29018
29028
29024
29037
29053
29065
29063
29093
29091
29091
10926
10932
10947
10946
10985
10809
10808
10834
10832
10840
10861
10870
10896
10727
10732
10744
10757
10766
10784
10781
10609
10624
10621
10663
10674
10695
10508
10506
10512
10529
10522
10548
10544
10554
10567
10565
10424
10437
10445
10441
10458
10477
10308
10300
10319
10315
10328
10324
10321
10340
10354
10369
10378
10376
10370
10391
10209
10205
10202
10218
10211
10248
10245
10240
10255
10269
10266
10272
10298
10108
10127
10123
10121
10133
10132
10194
10007
10005
10016
10029
10058
10067
10065
10079
10072
10094
11900
11916
11925
11945
11961
11961
11989
11996
11868
11880
11899
11897
11705
11716
11737
11733
11741
11741
11756
11776
11793
11607
11616
11622
11642
11673
11686
11699
11516
11512
11521
11536
11534
11541
11414
11427
11438
11432
11446
11457
11456
11455
11453
11450
11489
11480
11305
11313
11310
11322
11336
11332
11344
11342
11342
11362
11202
11218
11216
11212
11228
11236
11232
11259
11262
11262
11289
11288
11288
11280
11290
11122
11134
11133
11143
11156
11169
11168
11168
11195
11005
11017
11013
11027
11047
11046
11041
11058
11053
11070
11083
11096
11090
12907
12911
12928
12960
12980
12990
12809
12834
12847
12871
12893
12700
12719
12726
12766
12775
12789
12788
12780
12602
12602
12624
12621
12634
12640
12652
12672
12684
12683
12694
12500
12516
12513
12524
12523
12523
12558
12553
12576
12409
12403
12432
12431
12445
12454
12479
12486
12483
12303
12317
12314
12311
12347
12354
12377
12372
12386
12395
12218
12216
12229
12222
12238
12237
12235
12241
12240
12250
12289
12280
12298
12295
12290
12119
12114
12137
12137
12137
12136
12130
12155
12163
12160
12170
12185
12002
12025
12022
12036
12032
12045
12041
12057
12068
12099
13905
13901
13923
13951
13962
13977
13973
13996
13822
13846
13843
13876
13873
13889
13890
13705
13700
13757
13762
13761
13774
13772
13783
13791
13600
13641
13656
13654
13651
13669
13668
13685
13695
13508
13507
13503
13523
13557
13563
13570
13592
13401
13418
13411
13410
13427
13421
13456
13456
13491
13490
13303
13319
13318
13321
13331
13349
13345
13364
13383
13208
13203
13203
13218
13210
13210
13225
13249
13261
13279
13278
13287
13286
13281
13294
13112
13123
13166
13175
13015
13015
13035
13067
13064
13080
14909
14918
14928
14925
14935
14934
14969
14976
14993
14992
14990
14802
14822
14840
14852
14877
14882
14736
14734
14748
14745
14740
14765
14761
14787
14605
14602
14618
14616
14615
14613
14624
14642
14640
14669
14667
14661
14683
14500
14523
14535
14558
14555
14555
14554
14561
14594
14406
14415
14449
14459
14457
14467
14467
14471
14484
14305
14316
14315
14321
14335
14345
14345
14358
14368
14360
14217
14266
14277
14272
14289
14281
14111
14129
14128
14125
14136
14135
14144
14153
14153
14152
14164
14186
14192
14192
14004
14036
14059
14059
14057
14051
14060
14089
14098
14096
14094
15909
15911
15926
15940
15969
15962
15984
15994
15994
15805
15837
15836
15843
15856
15854
15879
15891
15714
15739
15736
15733
15756
15769
15787
15785
15781
15791
15609
15600
15614
15611
15626
15621
15639
15637
15657
15663
15678
15671
15670
15681
15506
15516
15522
15522
15536
15545
15545
15543
15542
15557
15577
15599
15409
15420
15432
15430
15447
15446
15459
15455
15455
15454
15451
15484
15335
15332
15345
15344
15367
15383
15394
15206
15249
15259
15257
15253
15250
15278
15277
15285
15296
15294
15291
15104
15117
15123
15134
15144
15175
15198
15196
15005
15013
15022
15034
15046
15041
15052
15061
15060
15060
15076
15070
15084
15094
15092
16909
16938
16950
16964
16964
16962
16977
16972
16971
16996
16826
16822
16839
16839
16830
16846
16858
16875
16872
16872
16706
16713
16737
16743
16755
16754
16779
16778
16777
16775
16604
16621
16639
16663
16676
16676
16670
16516
16513
16525
16541
16540
16554
16567
16567
16562
16578
16586
16599
16598
16405
16404
16404
16419
16411
16437
16436
16430
16462
16470
16489
16486
16497
16492
16307
16305
16300
16315
16311
16328
16334
16344
16360
16379
16378
16377
16377
16371
16218
16216
16216
16215
16220
16241
16259
16256
16261
16282
16292
16108
16102
16101
16100
16119
16113
16126
16137
16134
16153
16163
16160
16174
16173
16180
16197
16194
16009
16018
16022
16034
16040
16067
16062
16060
16070
16070
16088
16098
17925
17920
17947
17945
17945
17951
17977
17974
17970
17807
17819
17811
17811
17822
17820
17847
17843
17856
17855
17855
17861
17870
17894
17708
17705
17702
17715
17727
17723
17720
17734
17748
17744
17754
17796
17604
17600
17612
17628
17627
17623
17641
17657
17650
17666
17686
17690
17507
17501
17501
17513
17511
17510
17526
17530
17558
17550
17564
17563
17576
17584
17593
17591
17409
17407
17420
17439
17432
17444
17440
17478
17472
17486
17495
17303
17327
17338
17343
17342
17341
17351
17367
17375
17372
17370
17389
17399
17392
17207
17206
17203
17224
17243
17276
17272
17298
17295
17107
17102
17113
17126
17138
17136
17130
17157
17174
17180
17190
17007
17013
17025
17038
17048
17073
17087
17082
17092
18926
18920
18920
18937
18935
18949
18942
18958
18962
18988
18982
18992
18828
18825
18823
18823
18822
18833
18846
18844
18842
18858
18854
18851
18866
18875
18888
18881
18880
18880
18899
18898
18896
18708
18708
18719
18710
18720
18739
18732
18769
18764
18776
18775
18780
18608
18612
18628
18624
18631
18631
18642
18641
18658
18652
18678
18675
18684
18681
18508
18529
18539
18559
18553
18599
18404
18404
18403
18417
18414
18413
18436
18434
18449
18449
18456
18455
18480
18309
18318
18323
18349
18348
18355
18352
18350
18367
18360
18372
18372
18205
18216
18237
18231
18240
18266
18272
18270
18108
18113
18110
18110
18146
18153
18151
18168
18162
18193
18190
18028
18033
18047
18046
18058
18051
18061
18075
18070
19901
19916
19912
19924
19939
19938
19948
19944
19956
19951
19978
19998
19998
19808
19817
19812
19829
19828
19855
19850
19862
19861
19877
19876
19872
19897
19719
19719
19712
19729
19739
19737
19745
19757
19777
19771
19793
19609
19657
19653
19652
19650
19668
19670
19689
19681
19508
19519
19513
19510
19526
19531
19531
19549
19552
19551
19575
19571
19588
19593
19400
19426
19425
19433
19455
19461
19484
19482
19499
19306
19305
19314
19324
19334
19346
19342
19358
19353
19350
19369
19369
19361
19378
19370
19388
19206
19219
19217
19227
19249
19241
19267
19272
19115
19124
19121
19138
19158
19176
19170
19187
19192
19192
19002
19001
19011
19021
19049
19049
19042
19092
908
901
916
924
923
954
950
977
980
829
824
840
857
854
878
877
709
715
728
726
735
734
760
779
772
795
609
608
607
604
600
610
636
644
659
650
665
697
691
537
534
548
546
578
576
572
586
409
419
428
425
448
469
480
315
311
328
324
320
349
344
359
353
351
366
371
370
388
200
214
257
252
252
277
275
274
295
106
114
129
127
127
126
153
163
184
192
12
11
27
21
42
53
61
89
99
98
1902
1912
1926
1922
1937
1952
1998
1800
1817
1847
1854
1874
1872
1889
1892
1703
1722
1720
1740
1767
1776
1787
1608
1604
1613
1626
1640
1655
1655
1666
1679
1684
1682
1500
1528
1524
1537
1534
1558
1577
1585
1412
1431
1447
1456
1455
1485
1496
1494
1325
1323
1339
1332
1346
1378
1374
1373
1388
1396
1395
1208
1221
1239
1268
1273
1273
1288
1293
1109
1115
1114
1113
1132
1143
1158
1166
1189
1180
1190
1010
1025
1035
1089
1081
1080
1095
2905
2902
2901
2931
2957
2967
2983
2999
2996
2990
2990
2809
2804
2804
2847
2855
2861
2876
2874
2870
2885
2884
2899
2894
2701
2717
2722
2721
2735
2734
2740
2758
2758
2768
2773
2772
2789
2604
2600
2629
2628
2626
2626
2666
2661
2670
2697
2692
2503
2527
2539
2561
2579
2574
2574
2583
2594
2407
2416
2435
2466
2461
2479
2475
2473
2470
2470
2482
2329
2349
2341
2340
2378
2372
2239
2230
2250
2266
2261
2260
2277
2289
2294
2293
2292
2119
2111
2128
2124
2137
2144
2144
2143
2151
2166
2166
2166
2172
2185
2197
2192
2002
2031
2045
2042
2041
2067
2061
2072
3913
3944
3941
3956
3953
3953
3951
3960
3960
3978
3973
3984
3992
3990
3818
3839
3849
3845
3879
3879
3872
3899
3894
3893
3718
3714
3737
3732
3743
3740
3775
3771
3782
3797
3613
3610
3627
3654
3660
3672
3699
3697
3509
3521
3566
3581
3599
3599
3596
3595
3592
3592
3429
3442
3455
3460
3487
3497
3495
3491
3301
3323
3322
3337
3334
3349
3343
3342
3341
3360
3360
3377
3389
3386
3382
3395
3394
3209
3217
3223
3239
3240
3256
3255
3255
3285
3297
3294
3109
3106
3101
3122
3131
3147
3146
3144
3143
3156
3155
3150
3160
3179
3177
3172
3187
3183
3019
3040
3058
3050
3065
3065
3062
3084
4919
4963
4974
4806
4801
4826
4839
4834
4848
4845
4844
4863
4879
4875
4891
4708
4703
4719
4732
4759
4750
4767
4780
4602
4628
4627
4627
4639
4636
4642
4659
4668
4661
4678
4670
4681
4697
4691
4507
4517
4516
4527
4533
4566
4578
4596
4592
4408
4403
4419
4414
4413
4424
4421
4459
4458
4452
4488
4495
4303
4316
4314
4332
4357
4373
4371
4200
4213
4227
4222
4233
4233
4247
4250
4266
4270
4104
4102
4112
4131
4148
4142
4159
4151
4164
4163
4177
4184
4016
4021
4034
4043
4064
4063
4063
4078
4098
4095
5926
5937
5937
5932
5949
5948
5942
5940
5959
5954
5968
5983
5998
5819
5849
5840
5859
5862
5711
5737
5730
5744
5756
5756
5769
5763
5797
5606
5612
5620
5646
5654
5669
5679
5687
5693
5504
5517
5513
5513
5529
5528
5549
5540
5559
5562
5588
5584
5598
5595
5407
5402
5419
5419
5418
5416
5415
5413
5445
5464
5479
5480
5494
5490
5309
5342
5358
5367
5360
5386
5208
5226
5246
5242
5259
5255
5286
5285
5112
5112
5136
5147
5156
5166
5171
5171
5186
5193
5029
5038
5057
5052
5075
6903
6922
6935
6949
6957
6952
6951
6964
6976
6985
6996
6996
6801
6813
6820
6844
6844
6866
6899
6896
6892
6705
6705
6716
6713
6712
6729
6720
6759
6785
6620
6620
6635
6633
6648
6641
6655
6655
6663
6662
6672
6691
6507
6501
6515
6528
6537
6536
6543
6540
6577
6576
6573
6588
6584
6598
6597
6416
6427
6439
6439
6448
6451
6460
6477
6499
6304
6300
6352
6351
6389
6382
6399
6208
6205
6218
6239
6264
6261
6277
6273
6288
6282
6297
6105
6100
6118
6125
6124
6139
6139
6147
6146
6157
6165
6170
6182
6199
6199
6195
6000
6010
6027
6020
6039
6038
6034
6046
6059
6058
6051
7907
7913
7951
7967
7962
7983
7981
7995
7812
7828
7823
7837
7833
7857
7869
7861
7860
7884
7881
7896
7707
7704
7717
7723
7723
7736
7756
7752
7762
7770
7788
7786
7799
7797
7790
7609
7601
7601
7614
7613
7627
7623
7641
7652
7674
7696
7518
7514
7529
7521
7539
7537
7533
7543
7540
7561
7589
7596
7592
7408
7416
7415
7427
7421
7434
7452
7466
7476
7475
7484
7496
7493
7300
7327
7322
7339
7331
7346
7368
7371
7386
7203
7202
7212
7238
7263
7276
7109
7113
7112
7110
7176
7199
7009
7018
7011
7011
7044
7053
7075
7073
7088
7080
8917
8922
8933
8946
8958
8968
8804
8802
8826
8824
8843
8858
8855
8864
8863
8861
8879
8870
8894
8709
8708
8719
8727
8731
8741
8778
8781
8797
8791
8601
8600
8616
8613
8620
8632
8630
8640
8664
8664
8672
8685
8692
8691
8515
8529
8526
8553
8568
8574
8587
8587
8584
8583
8401
8412
8411
8420
8420
8445
8445
8442
8454
8480
8497
8494
8492
8317
8311
8311
8343
8368
8368
8378
8377
8374
8385
8396
8392
8213
8230
8242
8259
8253
8252
8252
8265
8277
8282
8295
8107
8104
8102
8115
8112
8125
8138
8146
8156
8154
8152
8165
8165
8160
8172
8189
8186
8196
8005
8035
8048
8058
8058
8079
8090
8090
9908
9903
9919
9914
9912
9921
9941
9940
9959
9953
9979
9975
9974
9985
9804
9819
9815
9836
9849
9707
9723
9731
9757
9752
9768
9772
9788
9780
9799
9798
9791
9601
9614
9614
9622
9646
9673
9673
9509
9503
9510
9529
9548
9540
9559
9555
9560
9578
9576
9586
9595
9411
9428
9421
9437
9434
9450
9461
9479
9497
9308
9304
9318
9328
9327
9336
9345
9366
9378
9399
9209
9204
9203
9203
9200
9200
9233
9247
9289
9285
9284
9295
9105
9135
9146
9144
9178
9174
9180
9068
9065
9090
